Time Recorded,Absolute Call Count,Absolute Total Duration,Relative Total Duration,Relative Max Duration
999.951745,8.000000,0.464468,0.272057,0.058392
2000.067587,12.000000,0.681177,0.216709,0.076462
2999.909766,18.000000,1.032762,0.351585,0.081248
3999.950480,24.000000,1.359686,0.326924,0.056583
4999.999850,25.000000,1.455844,0.096158,0.096158
5999.940373,30.000000,1.666593,0.210749,0.053673
6999.907886,31.000000,1.720128,0.053535,0.053535
7999.921912,31.000000,1.720128,0.000000,0.000000
8999.941114,32.000000,1.773925,0.053797,0.053797
10000.120040,33.000000,1.780310,0.006385,0.006385
10999.909041,37.000000,1.942930,0.162620,0.053237
11999.904220,39.000000,2.011828,0.068898,0.062656
13000.311388,41.000000,2.072223,0.060395,0.053571
13999.938395,42.000000,2.133675,0.061452,0.061452
14999.991999,44.000000,2.199271,0.065596,0.059229
15999.908751,47.000000,2.265782,0.066511,0.055213
17000.102155,48.000000,2.272121,0.006339,0.006339
18000.054360,49.000000,2.325119,0.052998,0.052998
18999.911124,49.000000,2.325119,0.000000,0.000000
19999.929740,49.000000,2.325119,0.000000,0.000000
20999.908155,50.000000,2.331919,0.006800,0.006800
21999.938871,50.000000,2.331919,0.000000,0.000000
23000.294664,51.000000,2.391093,0.059174,0.059174
24000.333588,52.000000,2.396958,0.005865,0.005865
24999.903709,54.000000,2.504469,0.107511,0.055069
26001.426355,54.000000,2.504469,0.000000,0.000000
27000.060565,54.000000,2.504469,0.000000,0.000000
28000.756241,56.000000,2.608523,0.104054,0.055471
29000.222013,57.000000,2.661535,0.053012,0.053012
29999.983901,58.000000,2.668068,0.006533,0.006533
30999.916445,60.000000,2.724594,0.056526,0.050168
32000.881935,67.000000,3.063660,0.339066,0.067872
33000.452638,68.000000,3.115600,0.051940,0.051940
33999.941764,71.000000,3.183064,0.067464,0.054151
35001.360019,72.000000,3.234590,0.051526,0.051526
35999.904866,74.000000,3.341205,0.106615,0.056008
37000.433687,74.000000,3.341205,0.000000,0.000000
38001.668229,76.000000,3.354243,0.013038,0.006923
38999.908630,77.000000,3.407274,0.053031,0.053031
40000.068137,80.000000,3.530525,0.123251,0.052941
41000.083935,81.000000,3.585151,0.054626,0.054626
41999.940902,81.000000,3.585151,0.000000,0.000000
42999.928682,82.000000,3.591245,0.006094,0.006094
44000.038801,83.000000,3.598217,0.006972,0.006972
44999.904726,85.000000,3.694996,0.096779,0.090702
46000.085536,86.000000,3.701163,0.006167,0.006167
46999.917477,87.000000,3.756949,0.055786,0.055786
48000.189665,87.000000,3.756949,0.000000,0.000000
49000.120950,88.000000,3.808346,0.051397,0.051397
49999.909059,89.000000,3.860697,0.052351,0.052351
51000.085906,90.000000,3.866358,0.005661,0.005661
51999.905145,90.000000,3.866358,0.000000,0.000000
53001.525619,92.000000,3.973785,0.107427,0.055799
53999.940487,94.000000,4.032223,0.058438,0.052320
55000.232272,98.000000,4.124315,0.092092,0.070958
56000.133610,101.000000,4.268436,0.144121,0.048407
57000.033189,102.000000,4.275444,0.007008,0.007008
57999.932085,104.000000,4.288612,0.013168,0.007055
59000.135975,108.000000,4.312416,0.023804,0.006362
59999.911257,110.000000,4.330545,0.018129,0.011626
60999.912738,112.000000,4.343019,0.012474,0.006370
62000.103891,113.000000,4.349248,0.006229,0.006229
62999.916908,116.000000,4.367433,0.018185,0.006666
64000.256354,118.000000,4.378669,0.011236,0.005873
64999.906197,119.000000,4.384904,0.006235,0.006235
65999.942531,120.000000,4.390836,0.005932,0.005932
66999.970732,122.000000,4.498035,0.107199,0.058954
67999.910505,129.000000,4.629930,0.131895,0.051047
69000.488596,132.000000,4.700308,0.070378,0.057958
69999.932981,133.000000,4.706922,0.006614,0.006614
70999.909481,135.000000,4.766300,0.059378,0.053140
71999.980122,136.000000,4.772426,0.006126,0.006126
73000.352564,139.000000,4.791217,0.018791,0.006664
73999.909186,142.000000,4.810270,0.019053,0.006443
75000.099660,143.000000,4.865208,0.054938,0.054938
76000.059631,144.000000,4.871817,0.006609,0.006609
76999.940100,145.000000,4.878049,0.006232,0.006232
77999.930375,149.000000,4.901216,0.023167,0.006106
79000.015301,150.000000,4.906910,0.005694,0.005694
79999.905779,150.000000,4.906910,0.000000,0.000000
80999.935143,154.000000,4.931831,0.024921,0.006628
82000.124931,158.000000,5.094182,0.162351,0.095473
82999.913435,161.000000,5.113177,0.018995,0.006518
83999.912023,161.000000,5.113177,0.000000,0.000000
84999.936328,166.000000,5.191031,0.077854,0.052673
85999.903179,168.000000,5.204756,0.013725,0.006909
86999.942090,168.000000,5.204756,0.000000,0.000000
87999.906251,171.000000,5.269466,0.064710,0.051393
88999.907333,175.000000,5.426440,0.156974,0.051455
89999.907304,177.000000,5.438147,0.011707,0.006093
91000.495692,180.000000,5.509129,0.070982,0.057667
91999.904790,182.000000,5.521824,0.012695,0.006374
92999.944383,184.000000,5.533747,0.011923,0.006467
93999.894457,185.000000,5.586779,0.053032,0.053032
95000.089837,185.000000,5.586779,0.000000,0.000000
95999.932056,188.000000,5.605287,0.018508,0.006620
97000.015663,189.000000,5.611450,0.006163,0.006163
98000.352375,193.000000,5.633946,0.022496,0.005857
98999.905224,196.000000,5.651836,0.017890,0.006083
100001.058793,197.000000,5.657979,0.006143,0.006143
100999.934969,199.000000,5.670161,0.012182,0.006303
101999.908676,201.000000,5.681776,0.011615,0.005907
103000.401808,204.000000,5.700576,0.018800,0.007337
104000.096941,207.000000,5.740820,0.040244,0.028721
104999.900532,210.000000,5.759681,0.018861,0.006684
106000.061718,211.000000,5.765805,0.006124,0.006124
106999.928794,218.000000,5.810489,0.044684,0.006888
107999.908853,220.000000,5.822494,0.012005,0.006187
109001.198067,222.000000,5.834220,0.011726,0.006032
109999.942133,225.000000,5.852848,0.018628,0.006961
110999.911867,227.000000,5.864222,0.011374,0.006018
112000.020074,228.000000,5.870140,0.005918,0.005918
113000.329673,229.000000,5.876428,0.006288,0.006288
113999.936845,229.000000,5.876428,0.000000,0.000000
115001.113752,231.000000,5.888875,0.012447,0.006235
115999.904659,235.000000,5.914612,0.025737,0.006959
116999.908760,241.000000,5.951202,0.036590,0.006701
117999.908620,243.000000,5.964249,0.013047,0.006694
118999.909182,246.000000,5.983189,0.018940,0.006626
120000.073556,248.000000,5.995385,0.012196,0.006209
121001.149870,249.000000,6.000969,0.005584,0.005584
121999.907558,249.000000,6.000969,0.000000,0.000000
123000.454634,252.000000,6.019182,0.018213,0.006498
123999.903841,252.000000,6.019182,0.000000,0.000000
125000.789619,258.000000,6.058162,0.038980,0.007401
125999.923008,261.000000,6.076870,0.018708,0.006682
127001.425841,263.000000,6.088438,0.011568,0.005935
127999.928512,264.000000,6.094839,0.006401,0.006401
129000.703734,264.000000,6.094839,0.000000,0.000000
129999.923339,269.000000,6.125892,0.031053,0.006603
130999.904963,273.000000,6.150886,0.024994,0.006692
131999.906842,276.000000,6.170024,0.019138,0.006915
133001.034726,277.000000,6.176418,0.006394,0.006394
133999.903322,281.000000,6.200180,0.023762,0.006831
134999.907558,284.000000,6.217122,0.016942,0.005761
136000.021192,284.000000,6.217122,0.000000,0.000000
136999.943441,288.000000,6.276207,0.059085,0.041420
137999.928269,291.000000,6.296344,0.020137,0.007353
138999.907581,291.000000,6.296344,0.000000,0.000000
140000.067213,293.000000,6.308250,0.011906,0.006089
140999.937133,296.000000,6.326897,0.018647,0.006245
141999.909078,298.000000,6.339316,0.012419,0.006356
143000.426648,299.000000,6.345538,0.006222,0.006222
143999.907286,300.000000,6.351738,0.006200,0.006200
144999.874534,303.000000,6.371512,0.019774,0.006924
145999.936219,304.000000,6.377507,0.005995,0.005995
146999.938794,307.000000,6.397363,0.019856,0.007211
147999.910574,310.000000,6.414191,0.016828,0.005803
148999.932964,311.000000,6.420323,0.006132,0.006132
149999.906480,313.000000,6.432245,0.011922,0.006049
151001.514994,314.000000,6.438764,0.006519,0.006519
151999.907654,318.000000,6.463552,0.024788,0.006261
152999.910181,320.000000,6.475974,0.012422,0.006660
153999.903861,323.000000,6.494283,0.018309,0.006453
155000.619242,327.000000,6.519578,0.025295,0.006764
155999.939435,328.000000,6.525496,0.005918,0.005918
156999.919995,329.000000,6.530697,0.005201,0.005201
157999.905956,333.000000,6.555156,0.024459,0.006509
158999.906082,337.000000,6.579414,0.024258,0.006728
160001.102956,337.000000,6.579414,0.000000,0.000000
160999.932728,339.000000,6.591145,0.011731,0.005924
161999.961128,344.000000,6.620101,0.028956,0.006306
163001.263061,346.000000,6.630865,0.010764,0.005704
164000.139620,347.000000,6.637017,0.006152,0.006152
164999.909991,352.000000,6.667027,0.030010,0.006300
166000.109025,353.000000,6.673013,0.005986,0.005986
166999.936238,356.000000,6.692589,0.019576,0.007440
167999.913416,357.000000,6.698742,0.006153,0.006153
168999.905777,359.000000,6.711604,0.012862,0.007032
169999.907334,364.000000,6.741455,0.029851,0.006061
171000.108586,364.000000,6.741455,0.000000,0.000000
172001.028037,366.000000,6.754745,0.013290,0.006789
173000.956154,367.000000,6.760881,0.006136,0.006136
173999.931954,370.000000,6.778859,0.017978,0.006516
174999.929135,371.000000,6.785066,0.006207,0.006207
175999.906375,376.000000,6.814618,0.029552,0.006613
176999.904316,376.000000,6.814618,0.000000,0.000000
177999.995780,376.000000,6.814618,0.000000,0.000000
178999.912695,379.000000,6.833275,0.018657,0.006588
180000.450041,381.000000,6.845810,0.012535,0.006484
181000.087937,383.000000,6.859130,0.013320,0.006952
181999.937354,387.000000,6.883065,0.023935,0.006237
182999.912290,388.000000,6.889709,0.006644,0.006644
184000.013026,391.000000,6.907510,0.017801,0.006386
185003.324847,391.000000,6.907510,0.000000,0.000000
186001.129929,395.000000,6.932507,0.024997,0.006505
186999.904495,397.000000,6.944966,0.012459,0.006290
187999.906421,398.000000,6.951639,0.006673,0.006673
188999.908747,399.000000,6.957375,0.005736,0.005736
189999.905371,399.000000,6.957375,0.000000,0.000000
190999.906577,401.000000,6.969368,0.011993,0.006024
191999.909039,403.000000,6.981108,0.011740,0.005990
192999.988384,407.000000,7.005151,0.024043,0.006120
193999.908574,408.000000,7.010705,0.005554,0.005554
194999.914738,408.000000,7.010705,0.000000,0.000000
196000.014772,409.000000,7.016851,0.006146,0.006146
196999.904234,410.000000,7.022513,0.005662,0.005662
197999.908487,412.000000,7.034458,0.011945,0.005984
198999.903953,413.000000,7.041658,0.007200,0.007200
199999.933867,416.000000,7.060999,0.019341,0.006484
201003.696764,418.000000,7.072819,0.011820,0.006006
202001.100805,421.000000,7.091134,0.018315,0.006347
203000.571661,423.000000,7.102936,0.011802,0.006428
203999.936521,425.000000,7.114719,0.011783,0.005919
205000.046265,428.000000,7.132834,0.018115,0.006311
205999.900657,429.000000,7.138568,0.005734,0.005734
206999.907655,432.000000,7.156348,0.017780,0.006266
207999.911000,436.000000,7.179215,0.022867,0.005796
208999.904307,440.000000,7.203659,0.024444,0.006439
209999.941743,441.000000,7.209977,0.006318,0.006318
210999.906159,443.000000,7.221447,0.011470,0.005860
211999.907516,445.000000,7.235087,0.013640,0.007467
213000.450661,447.000000,7.246338,0.011251,0.005803
213999.904532,451.000000,7.271357,0.025019,0.006426
214999.904782,453.000000,7.282320,0.010963,0.005541
216000.139324,456.000000,7.299496,0.017176,0.005930
217001.680927,457.000000,7.305120,0.005624,0.005624
217999.906751,462.000000,7.335301,0.030181,0.006327
219000.077234,465.000000,7.354591,0.019290,0.007489
219999.903534,467.000000,7.367138,0.012547,0.006279
220999.923678,467.000000,7.367138,0.000000,0.000000
221999.929048,469.000000,7.378864,0.011726,0.005978
222999.901935,470.000000,7.386012,0.007148,0.007148
223999.927616,471.000000,7.393200,0.007188,0.007188
224999.908958,474.000000,7.411896,0.018696,0.006471
226001.053116,481.000000,7.453412,0.041516,0.006786
226999.911765,485.000000,7.476458,0.023046,0.006081
227999.993595,486.000000,7.482703,0.006245,0.006245
229001.075831,488.000000,7.494509,0.011806,0.006144
229999.906094,492.000000,7.519104,0.024595,0.006383
230999.906223,494.000000,7.531184,0.012080,0.006419
232000.529383,497.000000,7.548777,0.017593,0.006109
233000.558721,498.000000,7.554480,0.005703,0.005703
233999.940016,498.000000,7.554480,0.000000,0.000000
235000.078981,502.000000,7.576763,0.022283,0.005855
236001.187858,503.000000,7.582548,0.005785,0.005785
236999.934465,507.000000,7.605381,0.022833,0.005874
238000.181777,510.000000,7.622306,0.016925,0.006266
239000.464577,511.000000,7.628543,0.006237,0.006237
239999.897983,516.000000,7.658718,0.030175,0.006512
241001.056325,517.000000,7.664779,0.006061,0.006061
241999.909056,519.000000,7.676366,0.011587,0.005849
243000.304137,520.000000,7.682667,0.006301,0.006301
244000.023136,524.000000,7.708199,0.025532,0.007353
244999.924754,524.000000,7.708199,0.000000,0.000000
246000.102796,526.000000,7.720015,0.011816,0.006083
246999.910393,527.000000,7.726137,0.006122,0.006122
247999.926427,530.000000,7.746275,0.020138,0.007174
249002.001958,532.000000,7.758244,0.011969,0.006030
249999.902691,536.000000,7.782560,0.024316,0.006434
250999.869974,538.000000,7.795248,0.012688,0.006711
251999.908426,543.000000,7.823636,0.028388,0.005920
253000.121732,545.000000,7.835593,0.011957,0.006191
253999.907107,545.000000,7.835593,0.000000,0.000000
254999.937992,547.000000,7.847381,0.011788,0.006246
255999.900979,552.000000,7.876426,0.029045,0.006202
256999.907483,553.000000,7.882389,0.005963,0.005963
257999.938715,558.000000,7.910217,0.027828,0.005998
258999.908878,561.000000,7.927133,0.016916,0.005745
260000.143542,563.000000,7.939036,0.011903,0.005992
260999.961380,564.000000,7.945597,0.006561,0.006561
262000.051405,566.000000,7.958325,0.012728,0.006656
263001.988793,568.000000,7.973104,0.014779,0.008151
263999.906718,572.000000,7.996754,0.023650,0.006069
265001.255573,575.000000,8.015339,0.018585,0.006366
265999.907107,577.000000,8.027513,0.012174,0.006376
266999.933416,579.000000,8.038900,0.011387,0.005885
267999.905885,584.000000,8.067879,0.028979,0.005855
269000.537168,586.000000,8.080646,0.012767,0.007202
269999.936695,590.000000,8.106277,0.025631,0.006756
271001.506893,594.000000,8.129935,0.023658,0.006600
271999.906270,595.000000,8.136366,0.006431,0.006431
273000.300283,598.000000,8.154657,0.018291,0.006380
274000.057349,599.000000,8.160921,0.006264,0.006264
275000.089319,601.000000,8.173008,0.012087,0.006101
275999.961196,602.000000,8.180594,0.007586,0.007586
277001.699036,605.000000,8.208465,0.027871,0.015896
278000.053135,607.000000,8.220851,0.012386,0.006529
278999.946850,609.000000,8.232979,0.012128,0.006315
280000.663467,611.000000,8.245351,0.012372,0.006388
280999.906223,616.000000,8.275299,0.029948,0.006490
281999.944467,617.000000,8.281394,0.006095,0.006095
283000.404663,620.000000,8.298810,0.017416,0.006179
284000.433143,620.000000,8.298810,0.000000,0.000000
284999.907584,623.000000,8.316726,0.017916,0.006678
285999.955977,626.000000,8.336103,0.019377,0.007098
286999.940885,628.000000,8.348006,0.011903,0.006048
287999.989299,631.000000,8.366344,0.018338,0.006467
289002.049838,633.000000,8.378148,0.011804,0.005989
289999.991271,637.000000,8.403966,0.025818,0.007735
290999.907041,637.000000,8.403966,0.000000,0.000000
291999.929863,641.000000,8.429102,0.025136,0.006679
292999.935858,645.000000,8.454845,0.025743,0.006942
293999.935535,647.000000,8.466951,0.012106,0.006240
295000.242767,649.000000,8.501060,0.034109,0.028501
295999.928630,651.000000,8.512435,0.011375,0.005912
296999.868337,654.000000,8.530646,0.018211,0.006578
297999.924856,657.000000,8.547324,0.016678,0.005636
298999.934494,659.000000,8.558705,0.011381,0.005817
300001.817202,661.000000,8.570841,0.012136,0.006155
300999.906490,663.000000,8.583505,0.012664,0.006984
301999.907325,665.000000,8.597270,0.013765,0.006972
303000.507011,666.000000,8.603653,0.006383,0.006383
303999.912417,668.000000,8.615484,0.011831,0.006224
304999.914632,672.000000,8.639478,0.023994,0.006376
305999.911638,674.000000,8.650886,0.011408,0.005763
307000.917419,674.000000,8.650886,0.000000,0.000000
307999.909242,676.000000,8.662434,0.011548,0.005837
309000.170540,677.000000,8.668808,0.006374,0.006374
309999.906613,679.000000,8.680605,0.011797,0.006172
310999.917999,683.000000,8.705114,0.024509,0.006290
311999.916295,685.000000,8.717312,0.012198,0.006342
313000.188600,687.000000,8.728991,0.011679,0.005924
313999.930512,690.000000,8.747337,0.018346,0.006198
315000.133586,692.000000,8.759962,0.012625,0.006364
315999.904537,692.000000,8.759962,0.000000,0.000000
317000.150443,694.000000,8.772778,0.012816,0.006828
318001.511956,696.000000,8.785195,0.012417,0.006643
319000.175746,698.000000,8.797807,0.012612,0.006752
319999.907583,702.000000,8.822700,0.024893,0.006491
320999.913847,704.000000,8.833632,0.010932,0.005470
321999.909892,705.000000,8.840307,0.006675,0.006675
323000.360192,706.000000,8.846590,0.006283,0.006283
323999.864429,707.000000,8.853193,0.006603,0.006603
325000.045201,708.000000,8.859612,0.006419,0.006419
325999.906456,709.000000,8.865777,0.006165,0.006165
326999.909754,710.000000,8.871830,0.006053,0.006053
327999.901925,712.000000,8.882964,0.011134,0.005729
328999.938767,713.000000,8.889850,0.006886,0.006886
329999.905219,714.000000,8.896595,0.006745,0.006745
331000.169505,715.000000,8.902308,0.005713,0.005713
331999.908477,718.000000,8.920025,0.017717,0.006368
332999.883668,720.000000,8.932758,0.012733,0.006651
334000.096309,722.000000,8.945140,0.012382,0.006270
334999.912167,725.000000,8.964569,0.019429,0.006826
336000.159318,725.000000,8.964569,0.000000,0.000000
337000.143257,727.000000,8.979209,0.014640,0.008610
338000.507469,731.000000,9.005916,0.026707,0.007388
338999.895203,731.000000,9.005916,0.000000,0.000000
339999.936905,732.000000,9.018255,0.012339,0.012339
341000.266256,735.000000,9.036897,0.018642,0.006352
341999.912955,736.000000,9.042591,0.005694,0.005694
343000.115908,737.000000,9.048996,0.006405,0.006405
343999.939521,739.000000,9.060814,0.011818,0.006038
345000.061404,741.000000,9.072140,0.011326,0.005833
345999.910217,742.000000,9.078256,0.006116,0.006116
346999.903782,745.000000,9.097155,0.018899,0.006376
347999.929919,748.000000,9.115439,0.018284,0.006318
348999.906576,751.000000,9.132811,0.017372,0.005837
349999.941440,752.000000,9.139057,0.006246,0.006246
351000.047841,755.000000,9.158166,0.019109,0.006792
352000.562235,758.000000,9.175937,0.017771,0.006063
353001.583342,760.000000,9.188410,0.012473,0.006367
353999.909390,763.000000,9.221723,0.033313,0.021897
355000.856710,766.000000,9.240665,0.018942,0.006979
355999.902587,768.000000,9.252369,0.011704,0.006478
356999.977324,768.000000,9.252369,0.000000,0.000000
357999.908403,768.000000,9.252369,0.000000,0.000000
359000.159504,770.000000,9.265058,0.012689,0.006433
360000.119304,773.000000,9.282682,0.017624,0.006056
360999.912988,776.000000,9.301057,0.018375,0.006189
361999.939177,776.000000,9.301057,0.000000,0.000000
363000.296787,779.000000,9.320058,0.019001,0.006625
363999.906106,781.000000,9.331540,0.011482,0.005904
