Time Recorded,Absolute Call Count,Absolute Total Duration,Relative Total Duration,Relative Max Duration
999.951745,4.000000,0.154754,0.067302,0.033750
2000.067587,7.000000,0.253021,0.098267,0.034562
2999.909766,10.000000,0.348955,0.095934,0.040194
3999.950480,12.000000,0.414172,0.065217,0.032612
4999.999850,12.000000,0.414172,0.000000,0.000000
5999.940373,16.000000,0.548737,0.134565,0.034783
6999.907886,18.000000,0.608412,0.059675,0.030391
7999.921912,19.000000,0.635982,0.027570,0.027570
8999.941114,21.000000,0.694040,0.058058,0.029530
10000.120040,21.000000,0.694040,0.000000,0.000000
10999.909041,24.000000,0.775358,0.081318,0.032301
11999.904220,27.000000,0.866223,0.090865,0.032923
13000.311388,30.000000,1.013346,0.147123,0.091767
13999.938395,30.000000,1.013346,0.000000,0.000000
14999.991999,33.000000,1.099917,0.086571,0.031038
15999.908751,35.000000,1.147241,0.047324,0.024904
17000.102155,37.000000,1.210872,0.063631,0.032061
18000.054360,38.000000,1.239197,0.028325,0.028325
18999.911124,41.000000,1.349279,0.110082,0.049017
19999.929740,41.000000,1.349279,0.000000,0.000000
20999.908155,43.000000,1.406795,0.057516,0.028918
21999.938871,45.000000,1.469542,0.062747,0.032147
23000.294664,48.000000,1.553398,0.083856,0.030012
24000.333588,49.000000,1.581288,0.027890,0.027890
24999.903709,51.000000,1.642639,0.061351,0.032940
26001.426355,53.000000,1.761372,0.118733,0.089975
27000.060565,54.000000,1.793380,0.032008,0.032008
28000.756241,55.000000,1.823075,0.029695,0.029695
29000.222013,56.000000,1.850303,0.027228,0.027228
29999.983901,57.000000,1.882261,0.031958,0.031958
30999.916445,58.000000,1.914856,0.032595,0.032595
32000.881935,60.000000,1.974253,0.059397,0.031645
33000.452638,61.000000,2.003524,0.029271,0.029271
33999.941764,64.000000,2.127368,0.123844,0.058223
35001.360019,64.000000,2.127368,0.000000,0.000000
35999.904866,65.000000,2.155795,0.028427,0.028427
37000.433687,65.000000,2.155795,0.000000,0.000000
38001.668229,66.000000,2.183871,0.028076,0.028076
38999.908630,68.000000,2.241888,0.058017,0.029060
40000.068137,69.000000,2.266559,0.024671,0.024671
41000.083935,70.000000,2.294996,0.028437,0.028437
41999.940902,72.000000,2.355438,0.060442,0.030252
42999.928682,73.000000,2.383540,0.028102,0.028102
44000.038801,74.000000,2.415173,0.031633,0.031633
44999.904726,75.000000,2.444094,0.028921,0.028921
46000.085536,76.000000,2.472108,0.028014,0.028014
46999.917477,76.000000,2.472108,0.000000,0.000000
48000.189665,78.000000,2.527958,0.055850,0.028157
49000.120950,79.000000,2.556452,0.028494,0.028494
49999.909059,79.000000,2.556452,0.000000,0.000000
51000.085906,81.000000,2.613587,0.057135,0.029193
51999.905145,83.000000,2.669006,0.055419,0.032493
53001.525619,84.000000,2.702848,0.033842,0.033842
53999.940487,86.000000,2.760481,0.057633,0.029098
55000.232272,90.000000,2.962862,0.202381,0.114527
56000.133610,92.000000,3.025970,0.063108,0.034910
57000.033189,96.000000,3.137668,0.111698,0.029783
57999.932085,99.000000,3.224408,0.086740,0.029720
59000.135975,100.000000,3.251834,0.027426,0.027426
59999.911257,101.000000,3.280143,0.028309,0.028309
60999.912738,102.000000,3.303481,0.023338,0.023338
62000.103891,105.000000,3.386304,0.082823,0.028456
62999.916908,106.000000,3.414022,0.027718,0.027718
64000.256354,107.000000,3.480641,0.066619,0.066619
64999.906197,108.000000,3.510647,0.030006,0.030006
65999.942531,109.000000,3.534290,0.023643,0.023643
66999.970732,110.000000,3.559898,0.025608,0.025608
67999.910505,111.000000,3.589723,0.029825,0.029825
69000.488596,112.000000,3.622791,0.033068,0.033068
69999.932981,113.000000,3.646388,0.023597,0.023597
70999.909481,115.000000,3.693945,0.047557,0.024076
71999.980122,116.000000,3.717202,0.023257,0.023257
73000.352564,117.000000,3.742648,0.025446,0.025446
73999.909186,118.000000,3.773498,0.030850,0.030850
75000.099660,119.000000,3.798339,0.024841,0.024841
76000.059631,123.000000,3.901726,0.103387,0.028417
76999.940100,124.000000,3.924835,0.023109,0.023109
77999.930375,126.000000,3.988089,0.063254,0.032454
79000.015301,129.000000,4.063841,0.075752,0.028027
79999.905779,133.000000,4.169954,0.106113,0.030124
80999.935143,134.000000,4.192728,0.022774,0.022774
82000.124931,137.000000,4.274492,0.081764,0.028179
82999.913435,139.000000,4.359900,0.085408,0.044019
83999.912023,143.000000,4.469334,0.109434,0.030858
84999.936328,144.000000,4.499322,0.029988,0.029988
85999.903179,145.000000,4.531500,0.032178,0.032178
86999.942090,146.000000,4.555740,0.024240,0.024240
87999.906251,146.000000,4.555740,0.000000,0.000000
88999.907333,147.000000,4.584170,0.028430,0.028430
89999.907304,149.000000,4.631044,0.046874,0.023991
91000.495692,150.000000,4.655249,0.024205,0.024205
91999.904790,153.000000,4.734413,0.079164,0.027655
92999.944383,154.000000,4.763271,0.028858,0.028858
93999.894457,156.000000,4.814734,0.051463,0.028736
95000.089837,158.000000,4.866131,0.051397,0.028959
95999.932056,158.000000,4.866131,0.000000,0.000000
97000.015663,161.000000,4.942238,0.076107,0.028614
98000.352375,162.000000,4.965296,0.023058,0.023058
98999.905224,163.000000,4.993181,0.027885,0.027885
100001.058793,164.000000,5.017115,0.023934,0.023934
100999.934969,165.000000,5.041813,0.024698,0.024698
101999.908676,168.000000,5.114349,0.072536,0.027321
103000.401808,171.000000,5.184674,0.070325,0.024416
104000.096941,174.000000,5.256893,0.072219,0.025031
104999.900532,177.000000,5.326297,0.069404,0.023616
106000.061718,179.000000,5.375285,0.048988,0.025160
106999.928794,180.000000,5.399105,0.023820,0.023820
107999.908853,183.000000,5.471110,0.072005,0.024354
109001.198067,184.000000,5.493829,0.022719,0.022719
109999.942133,188.000000,5.584282,0.090453,0.023562
110999.911867,190.000000,5.631441,0.047159,0.023923
112000.020074,194.000000,5.723404,0.091963,0.023286
113000.329673,198.000000,5.822962,0.099558,0.028006
113999.936845,202.000000,5.916248,0.093286,0.024283
115001.113752,203.000000,5.939366,0.023118,0.023118
115999.904659,203.000000,5.939366,0.000000,0.000000
116999.908760,205.000000,5.985309,0.045943,0.023592
117999.908620,210.000000,6.118872,0.133563,0.032581
118999.909182,212.000000,6.165777,0.046905,0.024787
120000.073556,214.000000,6.228183,0.062406,0.036748
121001.149870,216.000000,6.277578,0.049395,0.025984
121999.907558,217.000000,6.299921,0.022343,0.022343
123000.454634,218.000000,6.322738,0.022817,0.022817
123999.903841,221.000000,6.393625,0.070887,0.025030
125000.789619,223.000000,6.457585,0.063960,0.040383
125999.923008,225.000000,6.503051,0.045466,0.023454
127001.425841,227.000000,6.550215,0.047164,0.023951
127999.928512,229.000000,6.598657,0.048442,0.024681
129000.703734,231.000000,6.646456,0.047799,0.024283
129999.923339,233.000000,6.696367,0.049911,0.025003
130999.904963,236.000000,6.771643,0.075276,0.029274
131999.906842,239.000000,6.843945,0.072302,0.025845
133001.034726,242.000000,6.915768,0.071823,0.024205
133999.903322,244.000000,6.964380,0.048612,0.024362
134999.907558,245.000000,6.986213,0.021833,0.021833
136000.021192,247.000000,7.030861,0.044648,0.022444
136999.943441,248.000000,7.054714,0.023853,0.023853
137999.928269,251.000000,7.126177,0.071463,0.024457
138999.907581,254.000000,7.211683,0.085506,0.039605
140000.067213,257.000000,7.284799,0.073116,0.026289
140999.937133,260.000000,7.371730,0.086931,0.039470
141999.909078,261.000000,7.397620,0.025890,0.025890
143000.426648,263.000000,7.445829,0.048209,0.024586
143999.907286,266.000000,7.540681,0.094852,0.046015
144999.874534,269.000000,7.613261,0.072580,0.024497
145999.936219,272.000000,7.682180,0.068919,0.023589
146999.938794,274.000000,7.728395,0.046215,0.023989
147999.910574,276.000000,7.776352,0.047957,0.024833
148999.932964,278.000000,7.823477,0.047125,0.023834
149999.906480,279.000000,7.846594,0.023117,0.023117
151001.514994,283.000000,7.938882,0.092288,0.024003
151999.907654,284.000000,7.960860,0.021978,0.021978
152999.910181,284.000000,7.960860,0.000000,0.000000
153999.903861,286.000000,8.008797,0.047937,0.024141
155000.619242,288.000000,8.059191,0.050394,0.025782
155999.939435,290.000000,8.107026,0.047835,0.024275
156999.919995,292.000000,8.152613,0.045587,0.023146
157999.905956,293.000000,8.175448,0.022835,0.022835
158999.906082,295.000000,8.221588,0.046140,0.023449
160001.102956,299.000000,8.317875,0.096287,0.025747
160999.932728,302.000000,8.385674,0.067799,0.022931
161999.961128,303.000000,8.410109,0.024435,0.024435
163001.263061,306.000000,8.481715,0.071606,0.025408
164000.139620,309.000000,8.551256,0.069541,0.023788
164999.909991,309.000000,8.551256,0.000000,0.000000
166000.109025,310.000000,8.576422,0.025166,0.025166
166999.936238,312.000000,8.623668,0.047246,0.024043
167999.913416,316.000000,8.719120,0.095452,0.025277
168999.905777,317.000000,8.742136,0.023016,0.023016
169999.907334,318.000000,8.764432,0.022296,0.022296
171000.108586,322.000000,8.860163,0.095731,0.024820
172001.028037,325.000000,8.933580,0.073417,0.026991
173000.956154,329.000000,9.046473,0.112893,0.039775
173999.931954,330.000000,9.071795,0.025322,0.025322
174999.929135,333.000000,9.145492,0.073697,0.025935
175999.906375,335.000000,9.204437,0.058945,0.035462
176999.904316,337.000000,9.249412,0.044975,0.022867
177999.995780,341.000000,9.343099,0.093687,0.024658
178999.912695,345.000000,9.437302,0.094203,0.023914
180000.450041,347.000000,9.484671,0.047369,0.024052
181000.087937,347.000000,9.484671,0.000000,0.000000
181999.937354,347.000000,9.484671,0.000000,0.000000
182999.912290,348.000000,9.508834,0.024163,0.024163
184000.013026,348.000000,9.508834,0.000000,0.000000
185003.324847,351.000000,9.578516,0.069682,0.023372
186001.129929,352.000000,9.602100,0.023584,0.023584
186999.904495,353.000000,9.624471,0.022371,0.022371
187999.906421,354.000000,9.649089,0.024618,0.024618
188999.908747,356.000000,9.695805,0.046716,0.023937
189999.905371,359.000000,9.766674,0.070869,0.024095
190999.906577,359.000000,9.766674,0.000000,0.000000
191999.909039,361.000000,9.813385,0.046711,0.024665
192999.988384,363.000000,9.864471,0.051086,0.025647
193999.908574,365.000000,9.911481,0.047010,0.023794
194999.914738,369.000000,10.005947,0.094466,0.024811
196000.014772,370.000000,10.027546,0.021599,0.021599
196999.904234,371.000000,10.067337,0.039791,0.039791
197999.908487,373.000000,10.117169,0.049832,0.026414
198999.903953,377.000000,10.207700,0.090531,0.023544
199999.933867,381.000000,10.301877,0.094177,0.025056
201003.696764,384.000000,10.377109,0.075232,0.026808
202001.100805,386.000000,10.439328,0.062219,0.039011
203000.571661,389.000000,10.509539,0.070211,0.026384
203999.936521,390.000000,10.532815,0.023276,0.023276
205000.046265,390.000000,10.532815,0.000000,0.000000
205999.900657,393.000000,10.603015,0.070200,0.023925
206999.907655,394.000000,10.664385,0.061370,0.061370
207999.911000,396.000000,10.709521,0.045136,0.022594
208999.904307,397.000000,10.731554,0.022033,0.022033
209999.941743,401.000000,10.826229,0.094675,0.025037
210999.906159,406.000000,10.940887,0.114658,0.024061
211999.907516,410.000000,11.033811,0.092924,0.025346
213000.450661,411.000000,11.056745,0.022934,0.022934
213999.904532,413.000000,11.101520,0.044775,0.023000
214999.904782,414.000000,11.124103,0.022583,0.022583
216000.139324,416.000000,11.174364,0.050261,0.025977
217001.680927,418.000000,11.221808,0.047444,0.024034
217999.906751,418.000000,11.221808,0.000000,0.000000
219000.077234,419.000000,11.246483,0.024675,0.024675
219999.903534,422.000000,11.317767,0.071284,0.026300
220999.923678,426.000000,11.412920,0.095153,0.027777
221999.929048,431.000000,11.531852,0.118932,0.025802
222999.901935,435.000000,11.625276,0.093424,0.023768
223999.927616,437.000000,11.672234,0.046958,0.023867
224999.908958,438.000000,11.695093,0.022859,0.022859
226001.053116,440.000000,11.742532,0.047439,0.024405
226999.911765,440.000000,11.742532,0.000000,0.000000
227999.993595,440.000000,11.742532,0.000000,0.000000
229001.075831,440.000000,11.742532,0.000000,0.000000
229999.906094,441.000000,11.766769,0.024237,0.024237
230999.906223,442.000000,11.789281,0.022512,0.022512
232000.529383,444.000000,11.836064,0.046783,0.023967
233000.558721,447.000000,11.908278,0.072214,0.025802
233999.940016,449.000000,11.953102,0.044824,0.022423
235000.078981,450.000000,11.975690,0.022588,0.022588
236001.187858,451.000000,11.998610,0.022920,0.022920
236999.934465,452.000000,12.022887,0.024277,0.024277
238000.181777,455.000000,12.095438,0.072551,0.025030
239000.464577,457.000000,12.143512,0.048074,0.025407
239999.897983,458.000000,12.166131,0.022619,0.022619
241001.056325,465.000000,12.334910,0.168779,0.026918
241999.909056,467.000000,12.382686,0.047776,0.024559
243000.304137,468.000000,12.405259,0.022573,0.022573
244000.023136,471.000000,12.476138,0.070879,0.024892
244999.924754,475.000000,12.572972,0.096834,0.025068
246000.102796,477.000000,12.620826,0.047854,0.024250
246999.910393,479.000000,12.664677,0.043851,0.022678
247999.926427,479.000000,12.664677,0.000000,0.000000
249002.001958,481.000000,12.712120,0.047443,0.024260
249999.902691,482.000000,12.734933,0.022813,0.022813
250999.869974,485.000000,12.805872,0.070939,0.025245
251999.908426,487.000000,12.851928,0.046056,0.024311
253000.121732,490.000000,12.921459,0.069531,0.023601
253999.907107,493.000000,12.995677,0.074218,0.025853
254999.937992,495.000000,13.041222,0.045545,0.023161
255999.900979,495.000000,13.041222,0.000000,0.000000
256999.907483,498.000000,13.109735,0.068513,0.023396
257999.938715,500.000000,13.194238,0.084503,0.057247
258999.908878,503.000000,13.263727,0.069489,0.023407
260000.143542,505.000000,13.313067,0.049340,0.026256
260999.961380,507.000000,13.365534,0.052467,0.027079
262000.051405,508.000000,13.397052,0.031518,0.031518
263001.988793,510.000000,13.441876,0.044824,0.023035
263999.906718,511.000000,13.466755,0.024879,0.024879
265001.255573,512.000000,13.488881,0.022126,0.022126
265999.907107,513.000000,13.512696,0.023815,0.023815
266999.933416,516.000000,13.579251,0.066555,0.022453
267999.905885,518.000000,13.623523,0.044272,0.022446
269000.537168,520.000000,13.669825,0.046302,0.024979
269999.936695,520.000000,13.669825,0.000000,0.000000
271001.506893,522.000000,13.718120,0.048295,0.024224
271999.906270,524.000000,13.773746,0.055626,0.032439
273000.300283,525.000000,13.796525,0.022779,0.022779
274000.057349,526.000000,13.820899,0.024374,0.024374
275000.089319,529.000000,13.890961,0.070062,0.023509
275999.961196,532.000000,13.958872,0.067911,0.023472
277001.699036,534.000000,14.005971,0.047099,0.024301
278000.053135,535.000000,14.029536,0.023565,0.023565
278999.946850,538.000000,14.119780,0.090244,0.038741
280000.663467,541.000000,14.200825,0.081045,0.032452
280999.906223,543.000000,14.260316,0.059491,0.036802
281999.944467,547.000000,14.355496,0.095180,0.025304
283000.404663,548.000000,14.379968,0.024472,0.024472
284000.433143,552.000000,14.511030,0.131062,0.060163
284999.907584,555.000000,14.579700,0.068670,0.023712
285999.955977,560.000000,14.692656,0.112956,0.023447
286999.940885,564.000000,14.828751,0.136095,0.066490
287999.989299,566.000000,14.876624,0.047873,0.025145
289002.049838,567.000000,14.900986,0.024362,0.024362
289999.991271,569.000000,14.950504,0.049518,0.025565
290999.907041,571.000000,15.014668,0.064164,0.040725
291999.929863,574.000000,15.081567,0.066899,0.022658
292999.935858,575.000000,15.103741,0.022174,0.022174
293999.935535,575.000000,15.103741,0.000000,0.000000
295000.242767,577.000000,15.150360,0.046619,0.023942
295999.928630,579.000000,15.198031,0.047671,0.024938
296999.868337,579.000000,15.198031,0.000000,0.000000
297999.924856,582.000000,15.268399,0.070368,0.023966
298999.934494,586.000000,15.358889,0.090490,0.024547
300001.817202,588.000000,15.456161,0.097272,0.074847
300999.906490,593.000000,15.570938,0.114777,0.024149
301999.907325,594.000000,15.592099,0.021161,0.021161
303000.507011,595.000000,15.616758,0.024659,0.024659
303999.912417,595.000000,15.616758,0.000000,0.000000
304999.914632,595.000000,15.616758,0.000000,0.000000
305999.911638,598.000000,15.690601,0.073843,0.025775
307000.917419,599.000000,15.713772,0.023171,0.023171
307999.909242,600.000000,15.737919,0.024147,0.024147
309000.170540,601.000000,15.761719,0.023800,0.023800
309999.906613,603.000000,15.808399,0.046680,0.023715
310999.917999,609.000000,15.955258,0.146859,0.027527
311999.916295,610.000000,15.978647,0.023389,0.023389
313000.188600,612.000000,16.035627,0.056980,0.034257
313999.930512,613.000000,16.059186,0.023559,0.023559
315000.133586,615.000000,16.105382,0.046196,0.023145
315999.904537,616.000000,16.129292,0.023910,0.023910
317000.150443,622.000000,16.281196,0.151904,0.038570
318001.511956,623.000000,16.304303,0.023107,0.023107
319000.175746,625.000000,16.366645,0.062342,0.039664
319999.907583,625.000000,16.366645,0.000000,0.000000
320999.913847,625.000000,16.366645,0.000000,0.000000
321999.909892,629.000000,16.455689,0.089044,0.023234
323000.360192,634.000000,16.574318,0.118629,0.026434
323999.864429,635.000000,16.596865,0.022547,0.022547
325000.045201,638.000000,16.665744,0.068879,0.023720
325999.906456,638.000000,16.665744,0.000000,0.000000
326999.909754,640.000000,16.712372,0.046628,0.023554
327999.901925,643.000000,16.781135,0.068763,0.023712
328999.938767,645.000000,16.825983,0.044848,0.023243
329999.905219,648.000000,16.895312,0.069329,0.023828
331000.169505,652.000000,16.988998,0.093686,0.024325
331999.908477,653.000000,17.012753,0.023755,0.023755
332999.883668,656.000000,17.083793,0.071040,0.024518
334000.096309,657.000000,17.107281,0.023488,0.023488
334999.912167,658.000000,17.131142,0.023861,0.023861
336000.159318,659.000000,17.154105,0.022963,0.022963
337000.143257,662.000000,17.227172,0.073067,0.026088
338000.507469,665.000000,17.298473,0.071301,0.025185
338999.895203,667.000000,17.348484,0.050011,0.025331
339999.936905,668.000000,17.371630,0.023146,0.023146
341000.266256,669.000000,17.395690,0.024060,0.024060
341999.912955,671.000000,17.442970,0.047280,0.024985
343000.115908,672.000000,17.466827,0.023857,0.023857
343999.939521,675.000000,17.538077,0.071250,0.024536
345000.061404,678.000000,17.609989,0.071912,0.024267
345999.910217,681.000000,17.682005,0.072016,0.024445
346999.903782,683.000000,17.728632,0.046627,0.023468
347999.929919,683.000000,17.728632,0.000000,0.000000
348999.906576,684.000000,17.752211,0.023579,0.023579
349999.941440,687.000000,17.822626,0.070415,0.024044
351000.047841,692.000000,17.942935,0.120309,0.026317
352000.562235,695.000000,18.016272,0.073337,0.025740
353001.583342,697.000000,18.076372,0.060100,0.036417
353999.909390,698.000000,18.100386,0.024014,0.024014
355000.856710,701.000000,18.170527,0.070141,0.023843
355999.902587,702.000000,18.193984,0.023457,0.023457
356999.977324,704.000000,18.241885,0.047901,0.024326
357999.908403,708.000000,18.358113,0.116228,0.043546
359000.159504,709.000000,18.382815,0.024702,0.024702
360000.119304,711.000000,18.430506,0.047691,0.025446
360999.912988,712.000000,18.455227,0.024721,0.024721
361999.939177,715.000000,18.528932,0.073705,0.025589
363000.296787,716.000000,18.552057,0.023125,0.023125
363999.906106,720.000000,18.643799,0.091742,0.023841
