Time Recorded,Absolute Call Count,Absolute Total Duration,Relative Total Duration,Relative Max Duration
999.951745,9.000000,0.096420,0.048401,0.012297
2000.067587,11.000000,0.117298,0.020878,0.011095
2999.909766,12.000000,0.128036,0.010738,0.010738
3999.950480,13.000000,0.133987,0.005951,0.005951
4999.999850,13.000000,0.133987,0.000000,0.000000
5999.940373,21.000000,0.220210,0.086223,0.012089
6999.907886,26.000000,0.280130,0.059920,0.017935
7999.921912,27.000000,0.286121,0.005991,0.005991
8999.941114,28.000000,0.292436,0.006315,0.006315
10000.120040,30.000000,0.304076,0.011640,0.005958
10999.909041,32.000000,0.320619,0.016543,0.009844
11999.904220,33.000000,0.330505,0.009886,0.009886
13000.311388,35.000000,0.351619,0.021114,0.010663
13999.938395,37.000000,0.371396,0.019777,0.010391
14999.991999,38.000000,0.381362,0.009966,0.009966
15999.908751,41.000000,0.400780,0.019418,0.006809
17000.102155,43.000000,0.417882,0.017102,0.010297
18000.054360,44.000000,0.427252,0.009370,0.009370
18999.911124,45.000000,0.433488,0.006236,0.006236
19999.929740,48.000000,0.459294,0.025806,0.009916
20999.908155,50.000000,0.470452,0.011158,0.005671
21999.938871,51.000000,0.476471,0.006019,0.006019
23000.294664,52.000000,0.488481,0.012010,0.012010
24000.333588,53.000000,0.499358,0.010877,0.010877
24999.903709,53.000000,0.499358,0.000000,0.000000
26001.426355,54.000000,0.508960,0.009602,0.009602
27000.060565,55.000000,0.514873,0.005913,0.005913
28000.756241,56.000000,0.524180,0.009307,0.009307
29000.222013,58.000000,0.544880,0.020700,0.010598
29999.983901,61.000000,0.562967,0.018087,0.006111
30999.916445,61.000000,0.562967,0.000000,0.000000
32000.881935,62.000000,0.573170,0.010203,0.010203
33000.452638,66.000000,0.601603,0.028433,0.010457
33999.941764,67.000000,0.607642,0.006039,0.006039
35001.360019,73.000000,0.657250,0.049608,0.010741
35999.904866,74.000000,0.667341,0.010091,0.010091
37000.433687,75.000000,0.673712,0.006371,0.006371
38001.668229,79.000000,0.700287,0.026575,0.009586
38999.908630,79.000000,0.700287,0.000000,0.000000
40000.068137,79.000000,0.700287,0.000000,0.000000
41000.083935,81.000000,0.720376,0.020089,0.014430
41999.940902,81.000000,0.720376,0.000000,0.000000
42999.928682,83.000000,0.741132,0.020756,0.010463
44000.038801,84.000000,0.746588,0.005456,0.005456
44999.904726,84.000000,0.746588,0.000000,0.000000
46000.085536,84.000000,0.746588,0.000000,0.000000
46999.917477,85.000000,0.752694,0.006106,0.006106
48000.189665,85.000000,0.752694,0.000000,0.000000
49000.120950,86.000000,0.758820,0.006126,0.006126
49999.909059,89.000000,0.785963,0.027143,0.010743
51000.085906,90.000000,0.795276,0.009313,0.009313
51999.905145,90.000000,0.795276,0.000000,0.000000
53001.525619,91.000000,0.805530,0.010254,0.010254
53999.940487,94.000000,0.827214,0.021684,0.009520
55000.232272,95.000000,0.836689,0.009475,0.009475
56000.133610,101.000000,0.893204,0.056515,0.010481
57000.033189,103.000000,0.904643,0.011439,0.005872
57999.932085,103.000000,0.904643,0.000000,0.000000
59000.135975,105.000000,0.916918,0.012275,0.006245
59999.911257,107.000000,0.934256,0.017338,0.010795
60999.912738,108.000000,0.939620,0.005364,0.005364
62000.103891,110.000000,0.951265,0.011645,0.005950
62999.916908,112.000000,0.964426,0.013161,0.008049
64000.256354,114.000000,0.977320,0.012894,0.006533
64999.906197,115.000000,0.982724,0.005404,0.005404
65999.942531,121.000000,1.024490,0.041766,0.011233
66999.970732,125.000000,1.054259,0.029769,0.010556
67999.910505,126.000000,1.059988,0.005729,0.005729
69000.488596,127.000000,1.066285,0.006297,0.006297
69999.932981,127.000000,1.066285,0.000000,0.000000
70999.909481,128.000000,1.076260,0.009975,0.009975
71999.980122,130.000000,1.093466,0.017206,0.010642
73000.352564,131.000000,1.104094,0.010628,0.010628
73999.909186,131.000000,1.104094,0.000000,0.000000
75000.099660,136.000000,1.135669,0.031575,0.007423
76000.059631,137.000000,1.141519,0.005850,0.005850
76999.940100,137.000000,1.141519,0.000000,0.000000
77999.930375,139.000000,1.153167,0.011648,0.006487
79000.015301,141.000000,1.164873,0.011706,0.005882
79999.905779,143.000000,1.178245,0.013372,0.007200
80999.935143,146.000000,1.202875,0.024630,0.009570
82000.124931,147.000000,1.212947,0.010072,0.010072
82999.913435,148.000000,1.223768,0.010821,0.010821
83999.912023,151.000000,1.247013,0.023245,0.010916
84999.936328,153.000000,1.259449,0.012436,0.006540
85999.903179,157.000000,1.284073,0.024624,0.006728
86999.942090,161.000000,1.310621,0.026548,0.008952
87999.906251,163.000000,1.322392,0.011771,0.006425
88999.907333,163.000000,1.322392,0.000000,0.000000
89999.907304,168.000000,1.352526,0.030134,0.006539
91000.495692,170.000000,1.364034,0.011508,0.006078
91999.904790,170.000000,1.364034,0.000000,0.000000
92999.944383,173.000000,1.386736,0.022702,0.010142
93999.894457,174.000000,1.392297,0.005561,0.005561
95000.089837,177.000000,1.412736,0.020439,0.009360
95999.932056,179.000000,1.432258,0.019522,0.009992
97000.015663,180.000000,1.438631,0.006373,0.006373
98000.352375,183.000000,1.460079,0.021448,0.009532
98999.905224,185.000000,1.471192,0.011113,0.005728
100001.058793,188.000000,1.487928,0.016736,0.005745
100999.934969,193.000000,1.517459,0.029531,0.006430
101999.908676,193.000000,1.517459,0.000000,0.000000
103000.401808,195.000000,1.528161,0.010702,0.005421
104000.096941,196.000000,1.533789,0.005628,0.005628
104999.900532,198.000000,1.546241,0.012452,0.006667
106000.061718,202.000000,1.568769,0.022528,0.005835
106999.928794,204.000000,1.580946,0.012177,0.006455
107999.908853,205.000000,1.586476,0.005530,0.005530
109001.198067,210.000000,1.616890,0.030414,0.006446
109999.942133,211.000000,1.623262,0.006372,0.006372
110999.911867,213.000000,1.634739,0.011477,0.005830
112000.020074,217.000000,1.658773,0.024034,0.006391
113000.329673,219.000000,1.673668,0.014895,0.008609
113999.936845,219.000000,1.673668,0.000000,0.000000
115001.113752,220.000000,1.680282,0.006614,0.006614
115999.904659,223.000000,1.698136,0.017854,0.006515
116999.908760,224.000000,1.703483,0.005347,0.005347
117999.908620,225.000000,1.709551,0.006068,0.006068
118999.909182,227.000000,1.721454,0.011903,0.006021
120000.073556,228.000000,1.727738,0.006284,0.006284
121001.149870,233.000000,1.756338,0.028600,0.006148
121999.907558,235.000000,1.767599,0.011261,0.006128
123000.454634,238.000000,1.784260,0.016661,0.005778
123999.903841,242.000000,1.808929,0.024669,0.006513
125000.789619,243.000000,1.815503,0.006574,0.006574
125999.923008,243.000000,1.815503,0.000000,0.000000
127001.425841,246.000000,1.834323,0.018820,0.007525
127999.928512,250.000000,1.857097,0.022774,0.006274
129000.703734,254.000000,1.880098,0.023001,0.006240
129999.923339,255.000000,1.889139,0.009041,0.009041
130999.904963,255.000000,1.889139,0.000000,0.000000
131999.906842,257.000000,1.900957,0.011818,0.006182
133001.034726,258.000000,1.906993,0.006036,0.006036
133999.903322,260.000000,1.919688,0.012695,0.006435
134999.907558,263.000000,1.936814,0.017126,0.005965
136000.021192,269.000000,1.974576,0.037762,0.007218
136999.943441,271.000000,1.987839,0.013263,0.007647
137999.928269,273.000000,2.000009,0.012170,0.006667
138999.907581,275.000000,2.011502,0.011493,0.006267
140000.067213,277.000000,2.022242,0.010740,0.005690
140999.937133,278.000000,2.028306,0.006064,0.006064
141999.909078,281.000000,2.044947,0.016641,0.005967
143000.426648,283.000000,2.056288,0.011341,0.006013
143999.907286,284.000000,2.061589,0.005301,0.005301
144999.874534,286.000000,2.072817,0.011228,0.005742
145999.936219,288.000000,2.084615,0.011798,0.006288
146999.938794,292.000000,2.108536,0.023921,0.006832
147999.910574,294.000000,2.121760,0.013224,0.007075
148999.932964,298.000000,2.145404,0.023644,0.007091
149999.906480,301.000000,2.163356,0.017952,0.006095
151001.514994,302.000000,2.169183,0.005827,0.005827
151999.907654,305.000000,2.186601,0.017418,0.005988
152999.910181,305.000000,2.186601,0.000000,0.000000
153999.903861,307.000000,2.198328,0.011727,0.005891
155000.619242,309.000000,2.211154,0.012826,0.006425
155999.939435,312.000000,2.230213,0.019059,0.006843
156999.919995,312.000000,2.230213,0.000000,0.000000
157999.905956,316.000000,2.252867,0.022654,0.006030
158999.906082,317.000000,2.258709,0.005842,0.005842
160001.102956,318.000000,2.264252,0.005543,0.005543
160999.932728,320.000000,2.276380,0.012128,0.006544
161999.961128,323.000000,2.292070,0.015690,0.005373
163001.263061,325.000000,2.303300,0.011230,0.005875
164000.139620,326.000000,2.308804,0.005504,0.005504
164999.909991,328.000000,2.321599,0.012795,0.006920
166000.109025,330.000000,2.334055,0.012456,0.006576
166999.936238,331.000000,2.340193,0.006138,0.006138
167999.913416,331.000000,2.340193,0.000000,0.000000
168999.905777,332.000000,2.345556,0.005363,0.005363
169999.907334,336.000000,2.368436,0.022880,0.006406
171000.108586,339.000000,2.386554,0.018118,0.006382
172001.028037,343.000000,2.408937,0.022383,0.005916
173000.956154,346.000000,2.426751,0.017814,0.006189
173999.931954,347.000000,2.433898,0.007147,0.007147
174999.929135,349.000000,2.446156,0.012258,0.006358
175999.906375,351.000000,2.458049,0.011893,0.006307
176999.904316,352.000000,2.463767,0.005718,0.005718
177999.995780,353.000000,2.469159,0.005392,0.005392
178999.912695,354.000000,2.475039,0.005880,0.005880
180000.450041,355.000000,2.480698,0.005659,0.005659
181000.087937,357.000000,2.492028,0.011330,0.005726
181999.937354,357.000000,2.492028,0.000000,0.000000
182999.912290,359.000000,2.502360,0.010332,0.005352
184000.013026,361.000000,2.513431,0.011071,0.005694
185003.324847,361.000000,2.513431,0.000000,0.000000
186001.129929,362.000000,2.519062,0.005631,0.005631
186999.904495,364.000000,2.530435,0.011373,0.006024
187999.906421,368.000000,2.553341,0.022906,0.005990
188999.908747,369.000000,2.559024,0.005683,0.005683
189999.905371,371.000000,2.570289,0.011265,0.005645
190999.906577,371.000000,2.570289,0.000000,0.000000
191999.909039,373.000000,2.597284,0.026995,0.021696
192999.988384,374.000000,2.602954,0.005670,0.005670
193999.908574,374.000000,2.602954,0.000000,0.000000
194999.914738,381.000000,2.643642,0.040688,0.006092
196000.014772,386.000000,2.672520,0.028878,0.006070
196999.904234,388.000000,2.683987,0.011467,0.005794
197999.908487,391.000000,2.702274,0.018287,0.007114
198999.903953,392.000000,2.708620,0.006346,0.006346
199999.933867,394.000000,2.720231,0.011611,0.006140
201003.696764,398.000000,2.743522,0.023291,0.006293
202001.100805,399.000000,2.750194,0.006672,0.006672
203000.571661,400.000000,2.755280,0.005086,0.005086
203999.936521,404.000000,2.777337,0.022057,0.005583
205000.046265,406.000000,2.791005,0.013668,0.008509
205999.900657,409.000000,2.807691,0.016686,0.005699
206999.907655,410.000000,2.813496,0.005805,0.005805
207999.911000,411.000000,2.819646,0.006150,0.006150
208999.904307,413.000000,2.831429,0.011783,0.006023
209999.941743,415.000000,2.842492,0.011063,0.005885
210999.906159,415.000000,2.842492,0.000000,0.000000
211999.907516,417.000000,2.853519,0.011027,0.005547
213000.450661,418.000000,2.859027,0.005508,0.005508
213999.904532,422.000000,2.881749,0.022722,0.006024
214999.904782,424.000000,2.892344,0.010595,0.005385
216000.139324,425.000000,2.897862,0.005518,0.005518
217001.680927,428.000000,2.914472,0.016610,0.005817
217999.906751,428.000000,2.914472,0.000000,0.000000
219000.077234,433.000000,2.943215,0.028743,0.006046
219999.903534,437.000000,2.966502,0.023287,0.006390
220999.923678,438.000000,2.971988,0.005486,0.005486
221999.929048,439.000000,2.977091,0.005103,0.005103
222999.901935,439.000000,2.977091,0.000000,0.000000
223999.927616,442.000000,2.997230,0.020139,0.008629
224999.908958,445.000000,3.015039,0.017809,0.006232
226001.053116,446.000000,3.021460,0.006421,0.006421
226999.911765,449.000000,3.038202,0.016742,0.006099
227999.993595,450.000000,3.043948,0.005746,0.005746
229001.075831,452.000000,3.054733,0.010785,0.005629
229999.906094,454.000000,3.065123,0.010390,0.005457
230999.906223,455.000000,3.070761,0.005638,0.005638
232000.529383,459.000000,3.093529,0.022768,0.006211
233000.558721,460.000000,3.099504,0.005975,0.005975
233999.940016,462.000000,3.111646,0.012142,0.006100
235000.078981,465.000000,3.128934,0.017288,0.006277
236001.187858,467.000000,3.140081,0.011147,0.005795
236999.934465,469.000000,3.151190,0.011109,0.005556
238000.181777,472.000000,3.168684,0.017494,0.006232
239000.464577,473.000000,3.174402,0.005718,0.005718
239999.897983,475.000000,3.185298,0.010896,0.005600
241001.056325,476.000000,3.190477,0.005179,0.005179
241999.909056,478.000000,3.202479,0.012002,0.006689
243000.304137,481.000000,3.218501,0.016022,0.005626
244000.023136,484.000000,3.235912,0.017411,0.006105
244999.924754,485.000000,3.241615,0.005703,0.005703
246000.102796,485.000000,3.241615,0.000000,0.000000
246999.910393,488.000000,3.259172,0.017557,0.006187
247999.926427,493.000000,3.289561,0.030389,0.006771
249002.001958,495.000000,3.301266,0.011705,0.006121
249999.902691,499.000000,3.323460,0.022194,0.005916
250999.869974,502.000000,3.340639,0.017179,0.006085
251999.908426,502.000000,3.340639,0.000000,0.000000
253000.121732,503.000000,3.347234,0.006595,0.006595
253999.907107,504.000000,3.353428,0.006194,0.006194
254999.937992,505.000000,3.359288,0.005860,0.005860
255999.900979,508.000000,3.376983,0.017695,0.006210
256999.907483,510.000000,3.387170,0.010187,0.005375
257999.938715,511.000000,3.392461,0.005291,0.005291
258999.908878,513.000000,3.404563,0.012102,0.006345
260000.143542,515.000000,3.415881,0.011318,0.005773
260999.961380,517.000000,3.427262,0.011381,0.005708
262000.051405,519.000000,3.439596,0.012334,0.006263
263001.988793,522.000000,3.457302,0.017706,0.006092
263999.906718,523.000000,3.462797,0.005495,0.005495
265001.255573,524.000000,3.468808,0.006011,0.006011
265999.907107,525.000000,3.474226,0.005418,0.005418
266999.933416,526.000000,3.480880,0.006654,0.006654
267999.905885,528.000000,3.491664,0.010784,0.005473
269000.537168,530.000000,3.504475,0.012811,0.006931
269999.936695,532.000000,3.516171,0.011696,0.006272
271001.506893,532.000000,3.516171,0.000000,0.000000
271999.906270,534.000000,3.528885,0.012714,0.006457
273000.300283,536.000000,3.539629,0.010744,0.005612
274000.057349,542.000000,3.573738,0.034109,0.006508
275000.089319,543.000000,3.579469,0.005731,0.005731
275999.961196,545.000000,3.590627,0.011158,0.005794
277001.699036,545.000000,3.590627,0.000000,0.000000
278000.053135,547.000000,3.602356,0.011729,0.006065
278999.946850,549.000000,3.614503,0.012147,0.006186
280000.663467,553.000000,3.638051,0.023548,0.006469
280999.906223,556.000000,3.656861,0.018810,0.006868
281999.944467,558.000000,3.669077,0.012216,0.006659
283000.404663,560.000000,3.680513,0.011436,0.005885
284000.433143,561.000000,3.686186,0.005673,0.005673
284999.907584,562.000000,3.699526,0.013340,0.013340
285999.955977,565.000000,3.717422,0.017896,0.006530
286999.940885,566.000000,3.723422,0.006000,0.006000
287999.989299,569.000000,3.741715,0.018293,0.006645
289002.049838,569.000000,3.741715,0.000000,0.000000
289999.991271,572.000000,3.758928,0.017213,0.006200
290999.907041,574.000000,3.771015,0.012087,0.006146
291999.929863,576.000000,3.783558,0.012543,0.006727
292999.935858,578.000000,3.795315,0.011757,0.005985
293999.935535,581.000000,3.811636,0.016321,0.006052
295000.242767,583.000000,3.823524,0.011888,0.006210
295999.928630,584.000000,3.828531,0.005007,0.005007
296999.868337,587.000000,3.845771,0.017240,0.006334
297999.924856,588.000000,3.851188,0.005417,0.005417
298999.934494,588.000000,3.851188,0.000000,0.000000
300001.817202,589.000000,3.857405,0.006217,0.006217
300999.906490,590.000000,3.863369,0.005964,0.005964
301999.907325,592.000000,3.874774,0.011405,0.005807
303000.507011,595.000000,3.891161,0.016387,0.005710
303999.912417,603.000000,3.938051,0.046890,0.006521
304999.914632,605.000000,3.950051,0.012000,0.006589
305999.911638,606.000000,3.955854,0.005803,0.005803
307000.917419,608.000000,3.968712,0.012858,0.006449
307999.909242,610.000000,3.978984,0.010272,0.005227
309000.170540,610.000000,3.978984,0.000000,0.000000
309999.906613,611.000000,3.985347,0.006363,0.006363
310999.917999,611.000000,3.985347,0.000000,0.000000
311999.916295,611.000000,3.985347,0.000000,0.000000
313000.188600,613.000000,3.997387,0.012040,0.006383
313999.930512,614.000000,4.003536,0.006149,0.006149
315000.133586,616.000000,4.014963,0.011427,0.006010
315999.904537,617.000000,4.020628,0.005665,0.005665
317000.150443,619.000000,4.032474,0.011846,0.006103
318001.511956,624.000000,4.060361,0.027887,0.005876
319000.175746,626.000000,4.072355,0.011994,0.006138
319999.907583,629.000000,4.089608,0.017253,0.005830
320999.913847,631.000000,4.100727,0.011119,0.005704
321999.909892,634.000000,4.118423,0.017696,0.006476
323000.360192,636.000000,4.130481,0.012058,0.006321
323999.864429,639.000000,4.147354,0.016873,0.005703
325000.045201,641.000000,4.159172,0.011818,0.006177
325999.906456,643.000000,4.170998,0.011826,0.006250
326999.909754,644.000000,4.176528,0.005530,0.005530
327999.901925,645.000000,4.182292,0.005764,0.005764
328999.938767,646.000000,4.187715,0.005423,0.005423
329999.905219,648.000000,4.198590,0.010875,0.005651
331000.169505,648.000000,4.198590,0.000000,0.000000
331999.908477,650.000000,4.210400,0.011810,0.006315
332999.883668,651.000000,4.216659,0.006259,0.006259
334000.096309,655.000000,4.238793,0.022134,0.005959
334999.912167,657.000000,4.249751,0.010958,0.005672
336000.159318,659.000000,4.262540,0.012789,0.007316
337000.143257,660.000000,4.268044,0.005504,0.005504
338000.507469,661.000000,4.273445,0.005401,0.005401
338999.895203,663.000000,4.285139,0.011694,0.005941
339999.936905,663.000000,4.285139,0.000000,0.000000
341000.266256,665.000000,4.297730,0.012591,0.006796
341999.912955,668.000000,4.314424,0.016694,0.005670
343000.115908,670.000000,4.326474,0.012050,0.006237
343999.939521,671.000000,4.332193,0.005719,0.005719
345000.061404,673.000000,4.343812,0.011619,0.005962
345999.910217,674.000000,4.349647,0.005835,0.005835
346999.903782,676.000000,4.361253,0.011606,0.006038
347999.929919,677.000000,4.367825,0.006572,0.006572
348999.906576,679.000000,4.379541,0.011716,0.006445
349999.941440,680.000000,4.385512,0.005971,0.005971
351000.047841,681.000000,4.391347,0.005835,0.005835
352000.562235,686.000000,4.419906,0.028559,0.005982
353001.583342,687.000000,4.425788,0.005882,0.005882
353999.909390,689.000000,4.438277,0.012489,0.006327
355000.856710,690.000000,4.443868,0.005591,0.005591
355999.902587,696.000000,4.479045,0.035177,0.006142
356999.977324,696.000000,4.479045,0.000000,0.000000
357999.908403,699.000000,4.495923,0.016878,0.005941
359000.159504,703.000000,4.519945,0.024022,0.006579
360000.119304,704.000000,4.525845,0.005900,0.005900
360999.912988,705.000000,4.531721,0.005876,0.005876
361999.939177,705.000000,4.531721,0.000000,0.000000
363000.296787,709.000000,4.554491,0.022770,0.005874
363999.906106,711.000000,4.565587,0.011096,0.005690
