Time Recorded,Absolute Call Count,Absolute Total Duration,Relative Total Duration,Relative Max Duration
999.951745,3.000000,0.168968,0.058647,0.058647
2000.067587,8.000000,0.453552,0.284584,0.060438
2999.909766,11.000000,0.632464,0.178912,0.070034
3999.950480,14.000000,0.793024,0.160560,0.055808
4999.999850,14.000000,0.793024,0.000000,0.000000
5999.940373,22.000000,1.210525,0.417501,0.057215
6999.907886,27.000000,1.464426,0.253901,0.054101
7999.921912,30.000000,1.617149,0.152723,0.055220
8999.941114,31.000000,1.675579,0.058430,0.058430
10000.120040,32.000000,1.724377,0.048798,0.048798
10999.909041,32.000000,1.724377,0.000000,0.000000
11999.904220,32.000000,1.724377,0.000000,0.000000
13000.311388,32.000000,1.724377,0.000000,0.000000
13999.938395,35.000000,1.889497,0.165120,0.059833
14999.991999,36.000000,1.938717,0.049220,0.049220
15999.908751,36.000000,1.938717,0.000000,0.000000
17000.102155,39.000000,2.098843,0.160126,0.055863
18000.054360,41.000000,2.211033,0.112190,0.056264
18999.911124,41.000000,2.211033,0.000000,0.000000
19999.929740,42.000000,2.269170,0.058137,0.058137
20999.908155,43.000000,2.324789,0.055619,0.055619
21999.938871,44.000000,2.374893,0.050104,0.050104
23000.294664,44.000000,2.374893,0.000000,0.000000
24000.333588,46.000000,2.481638,0.106745,0.054319
24999.903709,49.000000,2.640193,0.158555,0.056342
26001.426355,52.000000,2.847152,0.206959,0.096201
27000.060565,54.000000,3.009306,0.162154,0.090078
28000.756241,56.000000,3.116239,0.106933,0.055066
29000.222013,59.000000,3.270799,0.154560,0.052922
29999.983901,60.000000,3.323960,0.053161,0.053161
30999.916445,63.000000,3.481386,0.157426,0.053154
32000.881935,63.000000,3.481386,0.000000,0.000000
33000.452638,65.000000,3.589449,0.108063,0.054468
33999.941764,66.000000,3.702214,0.112765,0.112765
35001.360019,67.000000,3.758051,0.055837,0.055837
35999.904866,70.000000,3.915500,0.157449,0.054819
37000.433687,70.000000,3.915500,0.000000,0.000000
38001.668229,75.000000,4.186443,0.270943,0.068738
38999.908630,75.000000,4.186443,0.000000,0.000000
40000.068137,77.000000,4.306174,0.119731,0.068959
41000.083935,77.000000,4.306174,0.000000,0.000000
41999.940902,79.000000,4.415843,0.109669,0.055385
42999.928682,79.000000,4.415843,0.000000,0.000000
44000.038801,82.000000,4.569771,0.153928,0.056772
44999.904726,84.000000,4.733016,0.163245,0.111530
46000.085536,85.000000,4.786475,0.053459,0.053459
46999.917477,86.000000,4.839059,0.052584,0.052584
48000.189665,88.000000,4.944545,0.105486,0.055096
49000.120950,89.000000,4.995177,0.050632,0.050632
49999.909059,92.000000,5.155081,0.159904,0.056704
51000.085906,94.000000,5.283618,0.128537,0.071936
51999.905145,97.000000,5.460308,0.176690,0.073319
53001.525619,98.000000,5.514815,0.054507,0.054507
53999.940487,98.000000,5.514815,0.000000,0.000000
55000.232272,98.000000,5.514815,0.000000,0.000000
56000.133610,98.000000,5.514815,0.000000,0.000000
57000.033189,100.000000,5.609644,0.094829,0.048337
57999.932085,102.000000,5.704281,0.094637,0.047669
59000.135975,104.000000,5.807242,0.102961,0.054351
59999.911257,105.000000,5.859284,0.052042,0.052042
60999.912738,108.000000,6.012588,0.153304,0.056332
62000.103891,109.000000,6.063377,0.050789,0.050789
62999.916908,112.000000,6.233141,0.169764,0.063152
64000.256354,113.000000,6.293499,0.060358,0.060358
64999.906197,115.000000,6.394769,0.101270,0.050930
65999.942531,115.000000,6.394769,0.000000,0.000000
66999.970732,116.000000,6.442335,0.047566,0.047566
67999.910505,116.000000,6.442335,0.000000,0.000000
69000.488596,116.000000,6.442335,0.000000,0.000000
69999.932981,119.000000,6.614832,0.172497,0.064271
70999.909481,119.000000,6.614832,0.000000,0.000000
71999.980122,120.000000,6.666303,0.051471,0.051471
73000.352564,120.000000,6.666303,0.000000,0.000000
73999.909186,124.000000,6.869005,0.202702,0.053959
75000.099660,125.000000,6.920377,0.051372,0.051372
76000.059631,128.000000,7.066153,0.145776,0.051311
76999.940100,131.000000,7.239767,0.173614,0.073050
77999.930375,134.000000,7.391329,0.151562,0.052936
79000.015301,136.000000,7.492844,0.101515,0.054322
79999.905779,137.000000,7.541664,0.048820,0.048820
80999.935143,139.000000,7.638090,0.096426,0.050693
82000.124931,140.000000,7.689664,0.051574,0.051574
82999.913435,142.000000,7.797195,0.107531,0.055756
83999.912023,143.000000,7.848069,0.050874,0.050874
84999.936328,145.000000,7.954063,0.105994,0.058159
85999.903179,146.000000,8.004878,0.050815,0.050815
86999.942090,147.000000,8.056923,0.052045,0.052045
87999.906251,147.000000,8.056923,0.000000,0.000000
88999.907333,148.000000,8.108104,0.051181,0.051181
89999.907304,150.000000,8.215545,0.107441,0.055010
91000.495692,151.000000,8.264875,0.049330,0.049330
91999.904790,153.000000,8.361575,0.096700,0.048588
92999.944383,155.000000,8.493343,0.131768,0.074469
93999.894457,157.000000,8.606733,0.113390,0.060162
95000.089837,158.000000,8.666966,0.060233,0.060233
95999.932056,160.000000,8.762809,0.095843,0.048351
97000.015663,161.000000,8.817796,0.054987,0.054987
98000.352375,162.000000,8.890310,0.072514,0.072514
98999.905224,162.000000,8.890310,0.000000,0.000000
100001.058793,164.000000,8.986635,0.096325,0.048184
100999.934969,167.000000,9.131331,0.144696,0.050918
101999.908676,169.000000,9.246892,0.115561,0.064880
103000.401808,171.000000,9.348818,0.101926,0.052318
104000.096941,175.000000,9.539982,0.191164,0.050533
104999.900532,178.000000,9.695922,0.155940,0.058977
106000.061718,181.000000,9.839935,0.144013,0.049140
106999.928794,184.000000,9.986104,0.146169,0.051075
107999.908853,185.000000,10.038032,0.051928,0.051928
109001.198067,188.000000,10.178960,0.140928,0.047633
109999.942133,190.000000,10.294897,0.115937,0.064350
110999.911867,192.000000,10.396534,0.101637,0.052211
112000.020074,194.000000,10.488339,0.091805,0.047228
113000.329673,198.000000,10.696653,0.208314,0.063051
113999.936845,199.000000,10.747389,0.050736,0.050736
115001.113752,201.000000,10.846052,0.098663,0.051718
115999.904659,203.000000,10.947221,0.101169,0.054857
116999.908760,205.000000,11.050874,0.103653,0.052071
117999.908620,206.000000,11.099762,0.048888,0.048888
118999.909182,207.000000,11.148919,0.049157,0.049157
120000.073556,211.000000,11.343929,0.195010,0.049794
121001.149870,214.000000,11.491608,0.147679,0.051753
121999.907558,214.000000,11.491608,0.000000,0.000000
123000.454634,216.000000,11.599919,0.108311,0.063014
123999.903841,218.000000,11.696050,0.096131,0.049157
125000.789619,221.000000,11.842797,0.146747,0.049454
125999.923008,221.000000,11.842797,0.000000,0.000000
127001.425841,221.000000,11.842797,0.000000,0.000000
127999.928512,224.000000,11.996561,0.153764,0.054877
129000.703734,227.000000,12.189785,0.193224,0.099963
129999.923339,230.000000,12.343954,0.154169,0.059648
130999.904963,231.000000,12.398283,0.054329,0.054329
131999.906842,232.000000,12.446270,0.047987,0.047987
133001.034726,234.000000,12.541678,0.095408,0.048432
133999.903322,234.000000,12.541678,0.000000,0.000000
134999.907558,235.000000,12.590905,0.049227,0.049227
136000.021192,237.000000,12.686893,0.095988,0.049052
136999.943441,240.000000,12.850896,0.164003,0.062867
137999.928269,241.000000,12.900912,0.050016,0.050016
138999.907581,245.000000,13.091785,0.190873,0.052324
140000.067213,246.000000,13.140379,0.048594,0.048594
140999.937133,248.000000,13.233403,0.093024,0.046696
141999.909078,250.000000,13.330355,0.096952,0.048609
143000.426648,253.000000,13.476813,0.146458,0.054873
143999.907286,255.000000,13.574277,0.097464,0.050062
144999.874534,257.000000,13.668898,0.094621,0.048495
145999.936219,259.000000,13.765818,0.096920,0.048814
146999.938794,260.000000,13.829466,0.063648,0.063648
147999.910574,264.000000,14.020806,0.191340,0.050489
148999.932964,265.000000,14.071927,0.051121,0.051121
149999.906480,267.000000,14.170660,0.098733,0.050364
151001.514994,270.000000,14.311628,0.140968,0.047347
151999.907654,274.000000,14.501873,0.190245,0.052141
152999.910181,278.000000,14.710290,0.208417,0.063084
153999.903861,281.000000,14.854799,0.144509,0.049530
155000.619242,281.000000,14.854799,0.000000,0.000000
155999.939435,284.000000,15.001716,0.146917,0.051878
156999.919995,286.000000,15.099128,0.097412,0.049831
157999.905956,286.000000,15.099128,0.000000,0.000000
158999.906082,289.000000,15.247234,0.148106,0.052256
160001.102956,290.000000,15.293875,0.046641,0.046641
160999.932728,291.000000,15.343817,0.049942,0.049942
161999.961128,292.000000,15.396910,0.053093,0.053093
163001.263061,293.000000,15.448352,0.051442,0.051442
164000.139620,300.000000,15.777960,0.329608,0.049614
164999.909991,301.000000,15.827050,0.049090,0.049090
166000.109025,305.000000,16.036898,0.209848,0.063860
166999.936238,307.000000,16.128715,0.091817,0.046018
167999.913416,308.000000,16.180329,0.051614,0.051614
168999.905777,309.000000,16.260791,0.080462,0.080462
169999.907334,310.000000,16.305985,0.045194,0.045194
171000.108586,312.000000,16.405571,0.099586,0.053225
172001.028037,314.000000,16.508351,0.102780,0.051512
173000.956154,315.000000,16.560958,0.052607,0.052607
173999.931954,317.000000,16.656310,0.095352,0.049573
174999.929135,319.000000,16.879319,0.223009,0.175973
175999.906375,320.000000,16.928708,0.049389,0.049389
176999.904316,323.000000,17.072750,0.144042,0.050070
177999.995780,326.000000,17.222255,0.149505,0.053169
178999.912695,326.000000,17.222255,0.000000,0.000000
180000.450041,328.000000,17.325646,0.103391,0.054735
181000.087937,332.000000,17.530730,0.205084,0.060025
181999.937354,333.000000,17.581604,0.050874,0.050874
182999.912290,335.000000,17.689104,0.107500,0.057864
184000.013026,339.000000,17.884928,0.195824,0.050130
185003.324847,339.000000,17.884928,0.000000,0.000000
186001.129929,340.000000,17.936529,0.051601,0.051601
186999.904495,343.000000,18.099655,0.163126,0.064895
187999.906421,343.000000,18.099655,0.000000,0.000000
188999.908747,347.000000,18.293589,0.193934,0.049676
189999.905371,347.000000,18.293589,0.000000,0.000000
190999.906577,348.000000,18.343629,0.050040,0.050040
191999.909039,348.000000,18.343629,0.000000,0.000000
192999.988384,348.000000,18.343629,0.000000,0.000000
193999.908574,349.000000,18.522882,0.179253,0.179253
194999.914738,350.000000,18.574575,0.051693,0.051693
196000.014772,351.000000,18.624875,0.050300,0.050300
196999.904234,354.000000,18.769520,0.144645,0.049872
197999.908487,355.000000,18.817838,0.048318,0.048318
198999.903953,359.000000,19.017511,0.199673,0.062096
199999.933867,362.000000,19.173318,0.155807,0.060585
201003.696764,364.000000,19.270535,0.097217,0.049941
202001.100805,366.000000,19.366756,0.096221,0.049024
203000.571661,367.000000,19.413081,0.046325,0.046325
203999.936521,369.000000,19.519518,0.106437,0.059124
205000.046265,370.000000,19.566200,0.046682,0.046682
205999.900657,372.000000,19.663192,0.096992,0.050232
206999.907655,373.000000,19.716263,0.053071,0.053071
207999.911000,376.000000,19.878963,0.162700,0.063783
208999.904307,378.000000,19.973934,0.094971,0.047538
209999.941743,380.000000,20.072302,0.098368,0.050011
210999.906159,382.000000,20.173574,0.101272,0.052072
211999.907516,383.000000,20.220122,0.046548,0.046548
213000.450661,385.000000,20.314898,0.094776,0.047708
213999.904532,386.000000,20.362888,0.047990,0.047990
214999.904782,388.000000,20.464128,0.101240,0.051629
216000.139324,389.000000,20.512719,0.048591,0.048591
217001.680927,391.000000,20.623669,0.110950,0.059106
217999.906751,392.000000,20.674196,0.050527,0.050527
219000.077234,393.000000,20.720024,0.045828,0.045828
219999.903534,396.000000,20.871445,0.151421,0.053765
220999.923678,399.000000,21.018353,0.146908,0.050711
221999.929048,400.000000,21.071115,0.052762,0.052762
222999.901935,402.000000,21.169625,0.098510,0.049855
223999.927616,406.000000,21.384965,0.215340,0.060385
224999.908958,407.000000,21.434768,0.049803,0.049803
226001.053116,408.000000,21.482674,0.047906,0.047906
226999.911765,410.000000,21.572885,0.090211,0.047109
227999.993595,414.000000,21.761830,0.188945,0.049136
229001.075831,416.000000,21.860964,0.099134,0.049848
229999.906094,418.000000,21.996895,0.135931,0.089226
230999.906223,422.000000,22.183447,0.186552,0.047397
232000.529383,426.000000,22.380852,0.197405,0.052816
233000.558721,428.000000,22.480013,0.099161,0.050995
233999.940016,428.000000,22.480013,0.000000,0.000000
235000.078981,428.000000,22.480013,0.000000,0.000000
236001.187858,430.000000,22.579722,0.099709,0.050579
236999.934465,434.000000,22.776081,0.196359,0.057441
238000.181777,435.000000,22.828680,0.052599,0.052599
239000.464577,437.000000,22.923681,0.095001,0.047758
239999.897983,440.000000,23.068489,0.144808,0.052368
241001.056325,442.000000,23.166160,0.097671,0.051855
241999.909056,444.000000,23.263276,0.097116,0.048883
243000.304137,448.000000,23.460759,0.197483,0.052626
244000.023136,451.000000,23.602238,0.141479,0.047755
244999.924754,452.000000,23.760454,0.158216,0.158216
246000.102796,455.000000,23.958180,0.197726,0.085240
246999.910393,456.000000,24.011348,0.053168,0.053168
247999.926427,458.000000,24.105377,0.094029,0.047924
249002.001958,462.000000,24.302853,0.197476,0.053281
249999.902691,464.000000,24.412164,0.109311,0.059242
250999.869974,465.000000,24.471866,0.059702,0.059702
251999.908426,465.000000,24.471866,0.000000,0.000000
253000.121732,468.000000,24.610327,0.138461,0.048739
253999.907107,470.000000,24.706061,0.095734,0.050059
254999.937992,472.000000,24.808361,0.102300,0.053803
255999.900979,475.000000,24.964405,0.156044,0.056289
256999.907483,478.000000,25.224337,0.259932,0.164711
257999.938715,478.000000,25.224337,0.000000,0.000000
258999.908878,479.000000,25.275689,0.051352,0.051352
260000.143542,482.000000,25.413246,0.137557,0.047111
260999.961380,483.000000,25.459047,0.045801,0.045801
262000.051405,485.000000,25.556994,0.097947,0.049199
263001.988793,486.000000,25.604289,0.047295,0.047295
263999.906718,491.000000,25.856824,0.252535,0.056749
265001.255573,494.000000,26.020348,0.163524,0.066243
265999.907107,499.000000,26.271661,0.251313,0.059263
266999.933416,500.000000,26.319567,0.047906,0.047906
267999.905885,502.000000,26.410249,0.090682,0.045659
269000.537168,503.000000,26.458135,0.047886,0.047886
269999.936695,507.000000,26.653129,0.194994,0.052810
271001.506893,509.000000,26.750029,0.096900,0.049304
271999.906270,512.000000,26.935506,0.185477,0.088374
273000.300283,516.000000,27.173549,0.238043,0.094499
274000.057349,518.000000,27.281308,0.107759,0.061972
275000.089319,520.000000,27.388885,0.107577,0.060162
275999.961196,523.000000,27.536139,0.147254,0.050458
277001.699036,526.000000,27.700385,0.164246,0.069254
278000.053135,528.000000,27.796164,0.095779,0.049051
278999.946850,530.000000,27.902596,0.106432,0.057627
280000.663467,531.000000,27.952786,0.050190,0.050190
280999.906223,531.000000,27.952786,0.000000,0.000000
281999.944467,534.000000,28.091639,0.138853,0.046806
283000.404663,535.000000,28.137903,0.046264,0.046264
284000.433143,538.000000,28.277638,0.139735,0.046889
284999.907584,539.000000,28.326133,0.048495,0.048495
285999.955977,542.000000,28.469858,0.143725,0.048735
286999.940885,545.000000,28.623788,0.153930,0.055928
287999.989299,548.000000,28.785590,0.161802,0.063210
289002.049838,550.000000,28.898414,0.112824,0.063022
289999.991271,551.000000,28.946784,0.048370,0.048370
290999.907041,552.000000,28.999027,0.052243,0.052243
291999.929863,557.000000,29.254283,0.255256,0.058359
292999.935858,559.000000,29.349565,0.095282,0.048223
293999.935535,561.000000,29.447399,0.097834,0.050029
295000.242767,563.000000,29.557536,0.110137,0.062545
295999.928630,567.000000,29.749763,0.192227,0.049080
296999.868337,569.000000,29.842460,0.092697,0.047374
297999.924856,570.000000,29.892155,0.049695,0.049695
298999.934494,573.000000,30.035915,0.143760,0.049893
300001.817202,576.000000,30.189023,0.153108,0.061087
300999.906490,577.000000,30.246143,0.057120,0.057120
301999.907325,580.000000,30.449491,0.203348,0.094113
303000.507011,586.000000,30.740910,0.291419,0.052417
303999.912417,589.000000,30.895494,0.154584,0.053146
304999.914632,589.000000,30.895494,0.000000,0.000000
305999.911638,589.000000,30.895494,0.000000,0.000000
307000.917419,591.000000,30.989002,0.093508,0.048107
307999.909242,593.000000,31.088454,0.099452,0.051037
309000.170540,593.000000,31.088454,0.000000,0.000000
309999.906613,594.000000,31.137345,0.048891,0.048891
310999.917999,594.000000,31.137345,0.000000,0.000000
311999.916295,596.000000,31.233194,0.095849,0.050626
313000.188600,596.000000,31.233194,0.000000,0.000000
313999.930512,600.000000,31.440546,0.207352,0.060098
315000.133586,601.000000,31.493933,0.053387,0.053387
315999.904537,607.000000,31.776634,0.282701,0.051055
317000.150443,607.000000,31.776634,0.000000,0.000000
318001.511956,610.000000,32.049209,0.272575,0.178736
319000.175746,612.000000,32.148068,0.098859,0.051097
319999.907583,613.000000,32.196445,0.048377,0.048377
320999.913847,615.000000,32.292092,0.095647,0.048475
321999.909892,616.000000,32.341506,0.049414,0.049414
323000.360192,617.000000,32.427117,0.085611,0.085611
323999.864429,619.000000,32.526659,0.099542,0.050265
325000.045201,623.000000,32.766083,0.239424,0.094303
325999.906456,626.000000,32.916103,0.150020,0.050786
326999.909754,628.000000,33.026595,0.110492,0.063216
327999.901925,630.000000,33.125145,0.098550,0.051572
328999.938767,632.000000,33.226929,0.101784,0.050985
329999.905219,637.000000,33.467416,0.240487,0.052388
331000.169505,638.000000,33.520468,0.053052,0.053052
331999.908477,639.000000,33.634210,0.113742,0.113742
332999.883668,641.000000,33.733632,0.099422,0.053127
334000.096309,642.000000,33.782557,0.048925,0.048925
334999.912167,645.000000,33.928530,0.145973,0.050938
336000.159318,647.000000,34.041622,0.113092,0.064650
337000.143257,649.000000,34.142576,0.100954,0.052020
338000.507469,650.000000,34.193151,0.050575,0.050575
338999.895203,653.000000,34.334755,0.141604,0.047625
339999.936905,657.000000,34.533551,0.198796,0.053742
341000.266256,658.000000,34.582939,0.049388,0.049388
341999.912955,661.000000,34.741820,0.158881,0.060633
343000.115908,664.000000,34.887875,0.146055,0.051236
343999.939521,665.000000,34.936036,0.048161,0.048161
345000.061404,666.000000,34.985575,0.049539,0.049539
345999.910217,673.000000,35.311939,0.326364,0.049475
346999.903782,675.000000,35.412035,0.100096,0.052564
347999.929919,677.000000,35.508178,0.096143,0.048726
348999.906576,677.000000,35.508178,0.000000,0.000000
349999.941440,680.000000,35.657002,0.148824,0.053382
351000.047841,681.000000,35.703393,0.046391,0.046391
352000.562235,681.000000,35.703393,0.000000,0.000000
353001.583342,683.000000,35.799314,0.095921,0.049505
353999.909390,685.000000,35.895194,0.095880,0.049561
355000.856710,687.000000,35.990555,0.095361,0.049518
355999.902587,688.000000,36.041981,0.051426,0.051426
356999.977324,692.000000,36.238798,0.196817,0.061331
357999.908403,695.000000,36.392944,0.154146,0.055289
359000.159504,697.000000,36.493872,0.100928,0.052434
360000.119304,697.000000,36.493872,0.000000,0.000000
360999.912988,699.000000,36.601307,0.107435,0.059720
361999.939177,701.000000,36.700481,0.099174,0.050759
363000.296787,701.000000,36.700481,0.000000,0.000000
363999.906106,702.000000,36.767010,0.066529,0.066529
