Time Recorded,Absolute Call Count,Absolute Total Duration,Relative Total Duration,Relative Max Duration
999.951745,47.000000,2.893926,1.353581,0.082327
2000.067587,64.000000,3.989631,1.095705,0.102882
2999.909766,84.000000,5.255352,1.265721,0.112597
3999.950480,100.000000,6.314105,1.058753,0.098897
4999.999850,101.000000,6.447772,0.133667,0.133667
5999.940373,133.000000,8.185370,1.737598,0.079467
6999.907886,149.000000,9.029992,0.844622,0.076370
7999.921912,158.000000,9.535465,0.505473,0.076710
8999.941114,165.000000,9.895682,0.360217,0.079026
10000.120040,175.000000,10.474664,0.578982,0.157219
10999.909041,186.000000,11.070283,0.595619,0.073254
11999.904220,196.000000,11.627649,0.557366,0.085377
13000.311388,205.000000,12.128608,0.500959,0.118681
13999.938395,213.000000,12.590309,0.461701,0.083356
14999.991999,221.000000,13.010307,0.419998,0.079954
15999.908751,232.000000,13.434265,0.423958,0.074533
17000.102155,242.000000,14.007754,0.573489,0.077324
18000.054360,250.000000,14.527089,0.519335,0.099746
18999.911124,256.000000,14.887513,0.360424,0.083536
19999.929740,263.000000,15.188521,0.301008,0.080747
20999.908155,271.000000,15.553868,0.365347,0.076970
21999.938871,281.000000,16.023322,0.469454,0.069213
23000.294664,291.000000,16.495714,0.472392,0.080007
24000.333588,300.000000,16.880991,0.385277,0.075637
24999.903709,308.000000,17.447478,0.566487,0.123157
26001.426355,316.000000,18.023075,0.575597,0.120783
27000.060565,323.000000,18.447723,0.424648,0.117734
28000.756241,333.000000,18.977179,0.529456,0.075962
29000.222013,342.000000,19.445049,0.467870,0.074467
29999.983901,351.000000,19.882595,0.437546,0.076540
30999.916445,358.000000,20.296228,0.413633,0.074956
32000.881935,369.000000,20.958617,0.662389,0.086821
33000.452638,378.000000,21.419215,0.460598,0.078547
33999.941764,388.000000,22.072930,0.653715,0.134380
35001.360019,397.000000,22.436011,0.363081,0.077241
35999.904866,405.000000,22.919057,0.483046,0.076343
37000.433687,416.000000,23.495882,0.576825,0.083186
38001.668229,429.000000,24.128160,0.632278,0.089165
38999.908630,435.000000,24.521200,0.393040,0.074615
40000.068137,444.000000,25.040185,0.518985,0.090807
41000.083935,453.000000,25.434526,0.394341,0.075081
41999.940902,461.000000,25.905821,0.471295,0.078135
42999.928682,470.000000,26.290226,0.384405,0.064762
44000.038801,479.000000,26.767585,0.477359,0.081028
44999.904726,487.000000,27.333724,0.566139,0.130461
46000.085536,492.000000,27.583174,0.249450,0.077540
46999.917477,496.000000,27.815655,0.232481,0.076622
48000.189665,502.000000,28.198213,0.382558,0.076719
49000.120950,509.000000,28.586980,0.388767,0.071329
49999.909059,518.000000,29.077777,0.490797,0.078951
51000.085906,527.000000,29.525495,0.447718,0.093150
51999.905145,535.000000,30.027570,0.502075,0.095003
53001.525619,544.000000,30.563791,0.536221,0.076150
53999.940487,553.000000,31.002774,0.438983,0.075199
55000.232272,564.000000,31.664243,0.661469,0.143897
56000.133610,577.000000,32.241756,0.577513,0.077099
57000.033189,588.000000,32.768719,0.526963,0.067066
57999.932085,599.000000,33.310088,0.541369,0.065809
59000.135975,610.000000,33.753808,0.443720,0.074943
59999.911257,622.000000,34.246938,0.493130,0.070870
60999.912738,635.000000,34.829539,0.582601,0.078019
62000.103891,646.000000,35.317513,0.487974,0.071191
62999.916908,659.000000,35.916907,0.599394,0.082203
64000.256354,670.000000,36.443350,0.526443,0.096538
64999.906197,681.000000,36.938135,0.494785,0.071615
65999.942531,694.000000,37.407142,0.469007,0.065841
66999.970732,707.000000,38.133521,0.726379,0.105589
67999.910505,718.000000,38.579432,0.445911,0.069430
69000.488596,726.000000,38.996841,0.417409,0.094971
69999.932981,734.000000,39.462299,0.465458,0.084672
70999.909481,741.000000,39.852737,0.390438,0.118234
71999.980122,749.000000,40.144221,0.291484,0.072813
73000.352564,758.000000,40.524379,0.380158,0.068167
73999.909186,767.000000,41.016746,0.492367,0.077953
75000.099660,778.000000,41.474088,0.457342,0.078062
76000.059631,790.000000,42.132969,0.658881,0.069558
76999.940100,800.000000,42.652159,0.519190,0.095982
77999.930375,814.000000,43.238249,0.586090,0.075437
79000.015301,826.000000,43.789945,0.551696,0.076085
79999.905779,838.000000,44.398831,0.608886,0.067122
80999.935143,852.000000,44.923312,0.524481,0.069856
82000.124931,862.000000,45.509568,0.586256,0.116167
82999.913435,874.000000,46.135002,0.625434,0.077922
83999.912023,887.000000,46.729327,0.594325,0.070714
84999.936328,900.000000,47.381453,0.652126,0.098031
85999.903179,913.000000,47.915860,0.534407,0.070406
86999.942090,926.000000,48.479224,0.563364,0.069550
87999.906251,939.000000,49.019781,0.540557,0.079119
88999.907333,952.000000,49.725927,0.706146,0.071333
89999.907304,965.000000,50.228450,0.502523,0.077635
91000.495692,979.000000,50.839473,0.611023,0.079633
91999.904790,991.000000,51.393059,0.553586,0.067274
92999.944383,1004.000000,52.006860,0.613801,0.116013
93999.894457,1015.000000,52.604073,0.597213,0.080759
95000.089837,1027.000000,53.137707,0.533634,0.078842
95999.932056,1041.000000,53.735214,0.597507,0.066405
97000.015663,1053.000000,54.412005,0.676791,0.114288
98000.352375,1067.000000,54.941816,0.529811,0.097077
98999.905224,1078.000000,55.334938,0.393122,0.061977
100001.058793,1090.000000,55.832601,0.497663,0.066887
100999.934969,1104.000000,56.404678,0.572077,0.069731
101999.908676,1116.000000,56.979823,0.575145,0.081984
103000.401808,1129.000000,57.532021,0.552198,0.072743
104000.096941,1142.000000,58.174993,0.642972,0.069940
104999.900532,1155.000000,58.729810,0.554817,0.078140
106000.061718,1169.000000,59.372810,0.643000,0.070595
106999.928794,1183.000000,59.940600,0.567790,0.074841
107999.908853,1196.000000,60.546373,0.605773,0.071271
109001.198067,1209.000000,61.073969,0.527596,0.067553
109999.942133,1221.000000,61.659668,0.585699,0.083809
110999.911867,1232.000000,62.199499,0.539831,0.140768
112000.020074,1247.000000,62.893442,0.693943,0.068382
113000.329673,1260.000000,63.628580,0.735138,0.102395
113999.936845,1272.000000,64.198283,0.569703,0.072891
115001.113752,1286.000000,64.738805,0.540522,0.069912
115999.904659,1298.000000,65.190213,0.451408,0.074344
116999.908760,1311.000000,65.741825,0.551612,0.072906
117999.908620,1325.000000,66.502990,0.761165,0.088988
118999.909182,1338.000000,67.066549,0.563559,0.066953
120000.073556,1351.000000,67.758299,0.691750,0.072696
121001.149870,1364.000000,68.318545,0.560246,0.072241
121999.907558,1374.000000,68.909143,0.590598,0.123580
123000.454634,1387.000000,69.402628,0.493485,0.080428
123999.903841,1404.000000,70.075653,0.673025,0.067219
125000.789619,1417.000000,70.619266,0.543613,0.067367
125999.923008,1430.000000,71.225237,0.605971,0.077037
127001.425841,1441.000000,71.619666,0.394429,0.065436
127999.928512,1454.000000,72.205425,0.585759,0.075341
129000.703734,1468.000000,72.872174,0.666749,0.134399
129999.923339,1483.000000,73.539832,0.667658,0.082697
130999.904963,1496.000000,74.110075,0.570243,0.075446
131999.906842,1508.000000,74.633467,0.523392,0.066324
133001.034726,1518.000000,75.114862,0.481395,0.067940
133999.903322,1532.000000,75.576355,0.461493,0.060345
134999.907558,1546.000000,76.116283,0.539928,0.068529
136000.021192,1562.000000,76.786616,0.670333,0.069666
136999.943441,1575.000000,77.401559,0.614943,0.080963
137999.928269,1587.000000,77.846804,0.445245,0.069077
138999.907581,1599.000000,78.486008,0.639204,0.072758
140000.067213,1612.000000,78.998006,0.511998,0.066795
140999.937133,1625.000000,79.587029,0.589023,0.072078
141999.909078,1641.000000,80.323411,0.736382,0.074730
143000.426648,1652.000000,80.826387,0.502976,0.077695
143999.907286,1665.000000,81.446470,0.620083,0.089531
144999.874534,1678.000000,81.981345,0.534875,0.066258
145999.936219,1690.000000,82.580531,0.599186,0.067180
146999.938794,1703.000000,83.123760,0.543229,0.083154
147999.910574,1718.000000,83.838056,0.714296,0.072520
148999.932964,1731.000000,84.364697,0.526641,0.070785
149999.906480,1744.000000,84.876281,0.511584,0.067823
151001.514994,1756.000000,85.448526,0.572245,0.068549
151999.907654,1770.000000,85.998606,0.550080,0.072158
152999.910181,1783.000000,86.697574,0.698968,0.082069
153999.903861,1796.000000,87.249767,0.552193,0.067934
155000.619242,1807.000000,87.664834,0.415067,0.056473
155999.939435,1820.000000,88.186508,0.521674,0.069454
156999.919995,1833.000000,88.865110,0.678602,0.072996
157999.905956,1847.000000,89.382055,0.516945,0.077379
158999.906082,1858.000000,89.884773,0.502718,0.071812
160001.102956,1871.000000,90.556455,0.671682,0.065512
160999.932728,1884.000000,91.128245,0.571790,0.142602
161999.961128,1898.000000,91.606395,0.478150,0.072881
163001.263061,1910.000000,92.137090,0.530695,0.070969
164000.139620,1923.000000,92.826975,0.689885,0.068212
164999.909991,1937.000000,93.337040,0.510065,0.071042
166000.109025,1950.000000,93.984567,0.647527,0.081637
166999.936238,1964.000000,94.577907,0.593340,0.064309
167999.913416,1976.000000,95.123425,0.545518,0.070491
168999.905777,1989.000000,95.763799,0.640374,0.109161
169999.907334,2004.000000,96.298828,0.535029,0.062940
171000.108586,2015.000000,96.852178,0.553350,0.071108
172001.028037,2031.000000,97.547707,0.695529,0.087802
173000.956154,2044.000000,98.140603,0.592896,0.073534
173999.931954,2057.000000,98.707151,0.566548,0.069389
174999.929135,2068.000000,99.363783,0.656632,0.195019
175999.906375,2081.000000,99.989859,0.626076,0.148566
176999.904316,2094.000000,100.624268,0.634409,0.068529
177999.995780,2107.000000,101.375702,0.751434,0.129780
178999.912695,2117.000000,101.749694,0.373992,0.050693
180000.450041,2128.000000,102.278177,0.528483,0.074268
181000.087937,2137.000000,102.698843,0.420666,0.081364
181999.937354,2148.000000,103.138011,0.439168,0.073017
182999.912290,2159.000000,103.621603,0.483592,0.079566
184000.013026,2172.000000,104.215234,0.593631,0.087033
185003.324847,2177.000000,104.459749,0.244515,0.062370
186001.129929,2186.000000,104.828539,0.368790,0.071229
186999.904495,2196.000000,105.295713,0.467174,0.083463
187999.906421,2206.000000,105.638115,0.342402,0.070420
188999.908747,2217.000000,106.178757,0.540642,0.070150
189999.905371,2227.000000,106.583253,0.404496,0.059968
190999.906577,2235.000000,106.973532,0.390279,0.069154
191999.909039,2242.000000,107.229790,0.256258,0.052907
192999.988384,2252.000000,107.698890,0.469100,0.098176
193999.908574,2259.000000,108.164981,0.466091,0.199290
194999.914738,2271.000000,108.626394,0.461413,0.070056
196000.014772,2287.000000,109.241785,0.615391,0.070057
196999.904234,2299.000000,109.871301,0.629516,0.068635
197999.908487,2311.000000,110.399978,0.528677,0.068064
198999.903953,2324.000000,111.101070,0.701092,0.142313
199999.933867,2337.000000,111.688755,0.587685,0.085978
201003.696764,2349.000000,112.172107,0.483352,0.068865
202001.100805,2363.000000,112.867652,0.695545,0.077698
203000.571661,2374.000000,113.413503,0.545851,0.125862
203999.936521,2387.000000,113.992315,0.578812,0.080836
205000.046265,2400.000000,114.569615,0.577300,0.065504
205999.900657,2413.000000,115.180590,0.610975,0.070095
206999.907655,2425.000000,115.775392,0.594802,0.118507
207999.911000,2439.000000,116.399164,0.623772,0.084990
208999.904307,2453.000000,116.875199,0.476035,0.065944
209999.941743,2466.000000,117.458009,0.582810,0.068295
210999.906159,2478.000000,118.090847,0.632838,0.070797
211999.907516,2490.000000,118.607833,0.516986,0.064338
213000.450661,2501.000000,119.137368,0.529535,0.065717
213999.904532,2517.000000,119.760251,0.622883,0.080065
214999.904782,2531.000000,120.411860,0.651609,0.073805
216000.139324,2543.000000,120.958086,0.546226,0.067363
217001.680927,2556.000000,121.598359,0.640273,0.077579
217999.906751,2568.000000,122.054068,0.455709,0.070237
219000.077234,2581.000000,122.596021,0.541953,0.080282
219999.903534,2597.000000,123.322529,0.726508,0.074372
220999.923678,2609.000000,123.944048,0.621519,0.069907
221999.929048,2621.000000,124.497942,0.553894,0.088966
222999.901935,2630.000000,124.957861,0.459919,0.069588
223999.927616,2643.000000,125.624917,0.667056,0.085684
224999.908958,2656.000000,126.172901,0.547984,0.094117
226001.053116,2673.000000,126.824994,0.652093,0.066957
226999.911765,2687.000000,127.377395,0.552401,0.065589
227999.993595,2700.000000,128.113917,0.736522,0.179509
229001.075831,2711.000000,128.620876,0.506959,0.068860
229999.906094,2725.000000,129.178924,0.558048,0.108721
230999.906223,2738.000000,129.763345,0.584421,0.068763
232000.529383,2754.000000,130.404535,0.641190,0.072493
233000.558721,2767.000000,131.030094,0.625559,0.076910
233999.940016,2778.000000,131.370279,0.340185,0.050117
235000.078981,2792.000000,131.861901,0.491622,0.093409
236001.187858,2805.000000,132.545842,0.683941,0.100508
236999.934465,2818.000000,133.142915,0.597073,0.082028
238000.181777,2833.000000,133.873447,0.730532,0.073995
239000.464577,2844.000000,134.401857,0.528410,0.065899
239999.897983,2857.000000,134.894218,0.492361,0.073584
241001.056325,2869.000000,135.473692,0.579474,0.070056
241999.909056,2882.000000,136.031878,0.558186,0.066468
243000.304137,2895.000000,136.646828,0.614950,0.072373
244000.023136,2911.000000,137.305402,0.658574,0.067514
244999.924754,2920.000000,137.869435,0.564033,0.177682
246000.102796,2933.000000,138.535005,0.665570,0.120091
246999.910393,2946.000000,139.036931,0.501926,0.081514
247999.926427,2960.000000,139.595021,0.558090,0.070937
249002.001958,2973.000000,140.213757,0.618736,0.080529
249999.902691,2987.000000,140.738598,0.524841,0.078181
250999.869974,3000.000000,141.267689,0.529091,0.078507
251999.908426,3013.000000,141.772722,0.505033,0.068947
253000.121732,3025.000000,142.317222,0.544500,0.067886
253999.907107,3037.000000,142.893169,0.575947,0.068540
254999.937992,3049.000000,143.430447,0.537278,0.073309
255999.900979,3064.000000,144.067908,0.637461,0.074503
256999.907483,3076.000000,144.765703,0.697795,0.182985
257999.938715,3089.000000,145.353064,0.587361,0.089576
258999.908878,3102.000000,145.876391,0.523327,0.071910
260000.143542,3114.000000,146.400879,0.524488,0.065835
260999.961380,3125.000000,146.930532,0.529653,0.070968
262000.051405,3140.000000,147.865342,0.934810,0.303399
263001.988793,3153.000000,148.411415,0.546073,0.064918
263999.906718,3167.000000,149.058273,0.646858,0.074473
265001.255573,3180.000000,149.674192,0.615919,0.086334
265999.907107,3192.000000,150.230438,0.556246,0.080681
266999.933416,3205.000000,150.775774,0.545336,0.067115
267999.905885,3221.000000,151.393362,0.617588,0.068567
269000.537168,3234.000000,151.958004,0.564642,0.067228
269999.936695,3248.000000,152.571595,0.613591,0.071978
271001.506893,3260.000000,153.138511,0.566916,0.069498
271999.906270,3273.000000,153.783191,0.644680,0.110129
273000.300283,3287.000000,154.460106,0.676915,0.115059
274000.057349,3303.000000,155.090864,0.630758,0.082056
275000.089319,3314.000000,155.621357,0.530493,0.079514
275999.961196,3326.000000,156.223135,0.601778,0.070246
277001.699036,3340.000000,156.869750,0.646615,0.091558
278000.053135,3353.000000,157.636672,0.766922,0.114758
278999.946850,3366.000000,158.326386,0.689714,0.077005
280000.663467,3382.000000,159.070686,0.744300,0.095106
280999.906223,3396.000000,159.640651,0.569965,0.096158
281999.944467,3408.000000,160.231765,0.591114,0.066475
283000.404663,3419.000000,160.657309,0.425544,0.065249
284000.433143,3433.000000,161.327849,0.670540,0.089186
284999.907584,3446.000000,161.879289,0.551440,0.110817
285999.955977,3461.000000,162.543895,0.664606,0.066284
286999.940885,3473.000000,163.249025,0.705130,0.102487
287999.989299,3486.000000,163.789193,0.540168,0.080672
289002.049838,3499.000000,164.524315,0.735122,0.126856
289999.991271,3512.000000,165.070598,0.546283,0.068992
290999.907041,3523.000000,165.594202,0.523604,0.072781
291999.929863,3539.000000,166.342530,0.748328,0.081636
292999.935858,3552.000000,166.849201,0.506671,0.070130
293999.935535,3566.000000,167.464796,0.615595,0.078573
295000.242767,3578.000000,168.108102,0.643306,0.095417
295999.928630,3592.000000,168.810478,0.702376,0.076307
296999.868337,3605.000000,169.359110,0.548632,0.066317
297999.924856,3621.000000,170.156157,0.797047,0.073503
298999.934494,3633.000000,170.690112,0.533955,0.070284
300001.817202,3645.000000,171.341338,0.651226,0.102093
300999.906490,3658.000000,171.962793,0.621455,0.078405
301999.907325,3670.000000,172.603509,0.640716,0.114358
303000.507011,3683.000000,173.373532,0.770023,0.117967
303999.912417,3700.000000,174.006935,0.633403,0.085830
304999.914632,3710.000000,174.422007,0.415072,0.067237
305999.911638,3719.000000,174.774161,0.352154,0.058594
307000.917419,3729.000000,175.265553,0.491392,0.067015
307999.909242,3737.000000,175.620512,0.354959,0.070565
309000.170540,3744.000000,175.930601,0.310089,0.062994
309999.906613,3757.000000,176.445672,0.515071,0.070660
310999.917999,3769.000000,176.921367,0.475695,0.056689
311999.916295,3781.000000,177.479508,0.558141,0.069571
313000.188600,3792.000000,177.903806,0.424298,0.062650
313999.930512,3803.000000,178.492267,0.588461,0.085609
315000.133586,3814.000000,178.993800,0.501533,0.077441
315999.904537,3827.000000,179.657588,0.663788,0.069987
317000.150443,3840.000000,180.293312,0.635724,0.134935
318001.511956,3854.000000,180.938223,0.644911,0.198452
319000.175746,3867.000000,181.513824,0.575601,0.080374
319999.907583,3880.000000,182.052162,0.538338,0.068130
320999.913847,3892.000000,182.601412,0.549250,0.068124
321999.909892,3907.000000,183.256116,0.654704,0.073735
323000.360192,3919.000000,183.987778,0.731662,0.188537
323999.864429,3933.000000,184.611828,0.624050,0.069074
325000.045201,3945.000000,185.262458,0.650630,0.127694
325999.906456,3958.000000,185.803699,0.541241,0.070606
326999.909754,3969.000000,186.353295,0.549596,0.082518
327999.901925,3985.000000,187.063799,0.710504,0.071941
328999.938767,3998.000000,187.603518,0.539719,0.071198
329999.905219,4011.000000,188.303884,0.700366,0.081173
331000.169505,4018.000000,188.629878,0.325994,0.072062
331999.908477,4028.000000,189.070675,0.440797,0.134619
332999.883668,4040.000000,189.651689,0.581014,0.073682
334000.096309,4056.000000,190.149716,0.498027,0.067459
334999.912167,4066.000000,190.595579,0.445863,0.070473
336000.159318,4077.000000,191.095154,0.499575,0.084632
337000.143257,4087.000000,191.635641,0.540487,0.108548
338000.507469,4099.000000,192.109198,0.473557,0.081666
338999.895203,4109.000000,192.664713,0.555515,0.106191
339999.936905,4119.000000,193.264061,0.599348,0.073503
341000.266256,4127.000000,193.606504,0.342443,0.067491
341999.912955,4138.000000,194.143762,0.537258,0.078196
343000.115908,4149.000000,194.652821,0.509059,0.069336
343999.939521,4161.000000,195.182690,0.529869,0.066350
345000.061404,4173.000000,195.708211,0.525521,0.067637
345999.910217,4189.000000,196.586554,0.878343,0.070372
346999.903782,4201.000000,197.157705,0.571151,0.078603
347999.929919,4212.000000,197.715975,0.558270,0.088567
348999.906576,4225.000000,198.210610,0.494635,0.064492
349999.941440,4237.000000,198.856861,0.646251,0.080065
351000.047841,4249.000000,199.405387,0.548526,0.063440
352000.562235,4264.000000,199.950442,0.545055,0.095127
353001.583342,4275.000000,200.474463,0.524021,0.074809
353999.909390,4288.000000,201.120517,0.646054,0.067868
355000.856710,4300.000000,201.678020,0.557503,0.068026
355999.902587,4313.000000,202.121368,0.443348,0.069718
356999.977324,4324.000000,202.668163,0.546795,0.079820
357999.908403,4339.000000,203.365847,0.697684,0.075554
359000.159504,4350.000000,203.805005,0.439158,0.070306
360000.119304,4359.000000,204.110181,0.305176,0.052480
360999.912988,4369.000000,204.542244,0.432063,0.078480
361999.939177,4378.000000,205.036650,0.494406,0.072333
363000.296787,4391.000000,205.515157,0.478507,0.065220
363999.906106,4404.000000,206.072857,0.557700,0.086232
