Time Recorded,Absolute Call Count,Absolute Total Duration,Relative Total Duration,Relative Max Duration
999.951745,11.000000,0.127495,0.085150,0.024339
2000.067587,14.000000,0.149651,0.022156,0.009114
2999.909766,18.000000,0.176956,0.027305,0.007667
3999.950480,20.000000,0.191419,0.014463,0.007237
4999.999850,20.000000,0.191419,0.000000,0.000000
5999.940373,24.000000,0.224889,0.033470,0.011420
6999.907886,26.000000,0.239248,0.014359,0.007373
7999.921912,27.000000,0.247408,0.008160,0.008160
8999.941114,29.000000,0.261018,0.013610,0.007105
10000.120040,32.000000,0.285219,0.024201,0.009308
10999.909041,32.000000,0.285219,0.000000,0.000000
11999.904220,33.000000,0.292241,0.007022,0.007022
13000.311388,35.000000,0.309896,0.017655,0.009166
13999.938395,36.000000,0.318439,0.008543,0.008543
14999.991999,37.000000,0.326806,0.008367,0.008367
15999.908751,39.000000,0.340713,0.013907,0.007523
17000.102155,40.000000,0.347710,0.006997,0.006997
18000.054360,41.000000,0.354857,0.007147,0.007147
18999.911124,41.000000,0.354857,0.000000,0.000000
19999.929740,43.000000,0.369813,0.014956,0.007763
20999.908155,44.000000,0.378242,0.008429,0.008429
21999.938871,48.000000,0.408707,0.030465,0.008617
23000.294664,52.000000,0.439618,0.030911,0.008999
24000.333588,56.000000,0.467376,0.027758,0.007446
24999.903709,57.000000,0.473649,0.006273,0.006273
26001.426355,58.000000,0.481290,0.007641,0.007641
27000.060565,60.000000,0.495083,0.013793,0.006902
28000.756241,63.000000,0.514685,0.019602,0.006986
29000.222013,65.000000,0.527230,0.012545,0.006690
29999.983901,65.000000,0.527230,0.000000,0.000000
30999.916445,66.000000,0.534789,0.007559,0.007559
32000.881935,67.000000,0.541718,0.006929,0.006929
33000.452638,67.000000,0.541718,0.000000,0.000000
33999.941764,67.000000,0.541718,0.000000,0.000000
35001.360019,68.000000,0.549606,0.007888,0.007888
35999.904866,69.000000,0.556199,0.006593,0.006593
37000.433687,72.000000,0.575231,0.019032,0.006373
38001.668229,73.000000,0.583304,0.008073,0.008073
38999.908630,73.000000,0.583304,0.000000,0.000000
40000.068137,75.000000,0.597849,0.014545,0.007638
41000.083935,79.000000,0.624584,0.026735,0.007291
41999.940902,81.000000,0.638011,0.013427,0.007173
42999.928682,84.000000,0.674405,0.036394,0.023522
44000.038801,85.000000,0.680803,0.006398,0.006398
44999.904726,85.000000,0.680803,0.000000,0.000000
46000.085536,86.000000,0.687323,0.006520,0.006520
46999.917477,86.000000,0.687323,0.000000,0.000000
48000.189665,86.000000,0.687323,0.000000,0.000000
49000.120950,87.000000,0.693746,0.006423,0.006423
49999.909059,88.000000,0.701050,0.007304,0.007304
51000.085906,91.000000,0.722388,0.021338,0.007567
51999.905145,92.000000,0.728249,0.005861,0.005861
53001.525619,93.000000,0.734359,0.006110,0.006110
53999.940487,93.000000,0.734359,0.000000,0.000000
55000.232272,93.000000,0.734359,0.000000,0.000000
56000.133610,95.000000,0.748209,0.013850,0.008089
57000.033189,96.000000,0.755285,0.007076,0.007076
57999.932085,98.000000,0.770309,0.015024,0.009029
59000.135975,99.000000,0.776127,0.005818,0.005818
59999.911257,103.000000,0.801513,0.025386,0.007191
60999.912738,107.000000,0.828483,0.026970,0.007171
62000.103891,109.000000,0.841474,0.012991,0.006498
62999.916908,111.000000,0.853953,0.012479,0.006517
64000.256354,113.000000,0.867285,0.013332,0.007705
64999.906197,117.000000,0.894646,0.027361,0.007514
65999.942531,120.000000,0.913841,0.019195,0.006784
66999.970732,120.000000,0.913841,0.000000,0.000000
67999.910505,121.000000,0.919778,0.005937,0.005937
69000.488596,122.000000,0.926120,0.006342,0.006342
69999.932981,123.000000,0.932587,0.006467,0.006467
70999.909481,124.000000,0.939439,0.006852,0.006852
71999.980122,127.000000,0.957602,0.018163,0.006197
73000.352564,128.000000,0.963497,0.005895,0.005895
73999.909186,128.000000,0.963497,0.000000,0.000000
75000.099660,130.000000,0.976476,0.012979,0.007125
76000.059631,130.000000,0.976476,0.000000,0.000000
76999.940100,133.000000,0.995710,0.019234,0.006861
77999.930375,136.000000,1.014678,0.018968,0.006854
79000.015301,138.000000,1.025636,0.010958,0.005879
79999.905779,140.000000,1.036928,0.011292,0.005878
80999.935143,143.000000,1.054903,0.017975,0.006184
82000.124931,143.000000,1.054903,0.000000,0.000000
82999.913435,144.000000,1.060783,0.005880,0.005880
83999.912023,147.000000,1.080919,0.020136,0.008363
84999.936328,147.000000,1.080919,0.000000,0.000000
85999.903179,149.000000,1.094736,0.013817,0.007519
86999.942090,152.000000,1.116918,0.022182,0.008145
87999.906251,157.000000,1.149906,0.032988,0.007729
88999.907333,160.000000,1.170975,0.021069,0.007598
89999.907304,162.000000,1.183624,0.012649,0.006329
91000.495692,166.000000,1.210178,0.026554,0.007500
91999.904790,169.000000,1.228640,0.018462,0.006876
92999.944383,172.000000,1.246399,0.017759,0.006125
93999.894457,174.000000,1.260685,0.014286,0.008142
95000.089837,177.000000,1.278758,0.018073,0.006069
95999.932056,180.000000,1.296757,0.017999,0.006062
97000.015663,181.000000,1.303570,0.006813,0.006813
98000.352375,184.000000,1.321788,0.018218,0.006174
98999.905224,187.000000,1.340050,0.018262,0.006543
100001.058793,190.000000,1.360987,0.020937,0.007272
100999.934969,192.000000,1.372331,0.011344,0.005745
101999.908676,195.000000,1.390907,0.018576,0.006504
103000.401808,197.000000,1.403800,0.012893,0.006673
104000.096941,198.000000,1.409902,0.006102,0.006102
104999.900532,200.000000,1.422660,0.012758,0.006533
106000.061718,202.000000,1.434077,0.011417,0.005821
106999.928794,202.000000,1.434077,0.000000,0.000000
107999.908853,205.000000,1.453309,0.019232,0.006995
109001.198067,207.000000,1.465462,0.012153,0.006545
109999.942133,208.000000,1.471716,0.006254,0.006254
110999.911867,211.000000,1.488019,0.016303,0.005945
112000.020074,212.000000,1.493546,0.005527,0.005527
113000.329673,212.000000,1.493546,0.000000,0.000000
113999.936845,216.000000,1.517161,0.023615,0.006590
115001.113752,222.000000,1.552756,0.035595,0.006448
115999.904659,224.000000,1.564957,0.012201,0.006148
116999.908760,224.000000,1.564957,0.000000,0.000000
117999.908620,225.000000,1.570949,0.005992,0.005992
118999.909182,226.000000,1.577153,0.006204,0.006204
120000.073556,227.000000,1.583057,0.005904,0.005904
121001.149870,228.000000,1.588998,0.005941,0.005941
121999.907558,228.000000,1.588998,0.000000,0.000000
123000.454634,231.000000,1.606608,0.017610,0.006068
123999.903841,237.000000,1.642349,0.035741,0.006427
125000.789619,238.000000,1.649047,0.006698,0.006698
125999.923008,240.000000,1.660250,0.011203,0.005918
127001.425841,243.000000,1.679436,0.019186,0.007079
127999.928512,245.000000,1.702004,0.022568,0.016501
129000.703734,248.000000,1.719220,0.017216,0.005859
129999.923339,251.000000,1.737749,0.018529,0.006342
130999.904963,254.000000,1.757230,0.019481,0.008028
131999.906842,255.000000,1.762751,0.005521,0.005521
133001.034726,256.000000,1.768765,0.006014,0.006014
133999.903322,261.000000,1.798321,0.029556,0.006261
134999.907558,264.000000,1.816341,0.018020,0.006131
136000.021192,267.000000,1.835616,0.019275,0.006760
136999.943441,269.000000,1.846398,0.010782,0.005534
137999.928269,272.000000,1.865274,0.018876,0.006383
138999.907581,273.000000,1.872209,0.006935,0.006935
140000.067213,277.000000,1.896546,0.024337,0.006484
140999.937133,279.000000,1.909015,0.012469,0.006266
141999.909078,282.000000,1.927838,0.018823,0.007115
143000.426648,284.000000,1.939799,0.011961,0.006111
143999.907286,288.000000,1.964654,0.024855,0.006974
144999.874534,290.000000,1.976628,0.011974,0.006221
145999.936219,290.000000,1.976628,0.000000,0.000000
146999.938794,291.000000,1.983116,0.006488,0.006488
147999.910574,292.000000,1.989200,0.006084,0.006084
148999.932964,295.000000,2.007760,0.018560,0.006790
149999.906480,298.000000,2.025734,0.017974,0.006170
151001.514994,300.000000,2.037725,0.011991,0.006284
151999.907654,302.000000,2.048806,0.011081,0.005811
152999.910181,304.000000,2.061221,0.012415,0.006219
153999.903861,306.000000,2.073240,0.012019,0.006427
155000.619242,307.000000,2.078970,0.005730,0.005730
155999.939435,311.000000,2.103297,0.024327,0.006267
156999.919995,314.000000,2.123134,0.019837,0.007902
157999.905956,316.000000,2.134829,0.011695,0.005940
158999.906082,316.000000,2.134829,0.000000,0.000000
160001.102956,317.000000,2.140404,0.005575,0.005575
160999.932728,321.000000,2.166179,0.025775,0.007050
161999.961128,324.000000,2.183873,0.017694,0.006749
163001.263061,325.000000,2.189520,0.005647,0.005647
164000.139620,326.000000,2.195445,0.005925,0.005925
164999.909991,329.000000,2.213953,0.018508,0.006349
166000.109025,332.000000,2.231981,0.018028,0.006315
166999.936238,335.000000,2.250688,0.018707,0.007364
167999.913416,339.000000,2.274575,0.023887,0.006386
168999.905777,342.000000,2.293503,0.018928,0.006464
169999.907334,344.000000,2.304481,0.010978,0.005710
171000.108586,344.000000,2.304481,0.000000,0.000000
172001.028037,347.000000,2.322225,0.017744,0.006031
173000.956154,349.000000,2.334548,0.012323,0.006682
173999.931954,352.000000,2.352504,0.017956,0.006444
174999.929135,353.000000,2.358238,0.005734,0.005734
175999.906375,354.000000,2.364155,0.005917,0.005917
176999.904316,357.000000,2.382356,0.018201,0.006515
177999.995780,359.000000,2.394667,0.012311,0.006496
178999.912695,361.000000,2.407820,0.013153,0.006996
180000.450041,362.000000,2.413674,0.005854,0.005854
181000.087937,363.000000,2.419269,0.005595,0.005595
181999.937354,367.000000,2.442991,0.023722,0.006279
182999.912290,370.000000,2.462317,0.019326,0.006632
184000.013026,372.000000,2.474379,0.012062,0.006349
185003.324847,373.000000,2.480413,0.006034,0.006034
186001.129929,373.000000,2.480413,0.000000,0.000000
186999.904495,374.000000,2.486017,0.005604,0.005604
187999.906421,377.000000,2.503833,0.017816,0.006025
188999.908747,379.000000,2.516064,0.012231,0.006576
189999.905371,382.000000,2.533263,0.017199,0.006050
190999.906577,383.000000,2.539569,0.006306,0.006306
191999.909039,384.000000,2.545202,0.005633,0.005633
192999.988384,385.000000,2.550779,0.005577,0.005577
193999.908574,386.000000,2.557262,0.006483,0.006483
194999.914738,386.000000,2.557262,0.000000,0.000000
196000.014772,390.000000,2.582761,0.025499,0.007728
196999.904234,391.000000,2.588832,0.006071,0.006071
197999.908487,392.000000,2.594407,0.005575,0.005575
198999.903953,394.000000,2.606432,0.012025,0.006455
199999.933867,395.000000,2.612953,0.006521,0.006521
201003.696764,396.000000,2.618450,0.005497,0.005497
202001.100805,399.000000,2.641310,0.022860,0.010027
203000.571661,401.000000,2.652847,0.011537,0.005849
203999.936521,402.000000,2.658443,0.005596,0.005596
205000.046265,404.000000,2.671037,0.012594,0.006426
205999.900657,405.000000,2.677027,0.005990,0.005990
206999.907655,408.000000,2.693872,0.016845,0.005908
207999.911000,410.000000,2.705519,0.011647,0.006173
208999.904307,415.000000,2.734614,0.029095,0.006195
209999.941743,417.000000,2.746912,0.012298,0.006540
210999.906159,417.000000,2.746912,0.000000,0.000000
211999.907516,419.000000,2.760299,0.013387,0.007338
213000.450661,420.000000,2.766015,0.005716,0.005716
213999.904532,423.000000,2.793772,0.027757,0.016144
214999.904782,425.000000,2.805564,0.011792,0.006362
216000.139324,426.000000,2.812645,0.007081,0.007081
217001.680927,428.000000,2.824353,0.011708,0.006222
217999.906751,431.000000,2.841595,0.017242,0.006237
219000.077234,431.000000,2.841595,0.000000,0.000000
219999.903534,432.000000,2.847809,0.006214,0.006214
220999.923678,434.000000,2.859345,0.011536,0.005856
221999.929048,436.000000,2.871434,0.012089,0.006386
222999.901935,437.000000,2.877137,0.005703,0.005703
223999.927616,439.000000,2.889168,0.012031,0.006045
224999.908958,441.000000,2.901426,0.012258,0.006233
226001.053116,444.000000,2.917413,0.015987,0.005627
226999.911765,446.000000,2.929096,0.011683,0.006151
227999.993595,450.000000,2.953079,0.023983,0.006284
229001.075831,452.000000,2.964106,0.011027,0.006099
229999.906094,456.000000,2.987177,0.023071,0.005934
230999.906223,459.000000,3.004368,0.017191,0.005950
232000.529383,462.000000,3.021552,0.017184,0.006036
233000.558721,465.000000,3.039082,0.017530,0.006322
233999.940016,472.000000,3.078933,0.039851,0.006213
235000.078981,477.000000,3.106537,0.027604,0.006470
236001.187858,479.000000,3.118581,0.012044,0.006351
236999.934465,479.000000,3.118581,0.000000,0.000000
238000.181777,479.000000,3.118581,0.000000,0.000000
239000.464577,481.000000,3.130544,0.011963,0.006083
239999.897983,483.000000,3.142414,0.011870,0.006212
241001.056325,484.000000,3.148340,0.005926,0.005926
241999.909056,486.000000,3.160737,0.012397,0.006246
243000.304137,488.000000,3.173512,0.012775,0.006453
244000.023136,490.000000,3.185392,0.011880,0.006181
244999.924754,491.000000,3.190757,0.005365,0.005365
246000.102796,495.000000,3.214701,0.023944,0.006481
246999.910393,499.000000,3.237911,0.023210,0.006114
247999.926427,501.000000,3.249294,0.011383,0.005729
249002.001958,503.000000,3.261049,0.011755,0.006092
249999.902691,505.000000,3.272273,0.011224,0.005716
250999.869974,507.000000,3.284084,0.011811,0.006180
251999.908426,510.000000,3.301633,0.017549,0.006153
253000.121732,512.000000,3.312608,0.010975,0.005564
253999.907107,515.000000,3.330406,0.017798,0.006223
254999.937992,518.000000,3.348173,0.017767,0.006046
255999.900979,519.000000,3.354195,0.006022,0.006022
256999.907483,520.000000,3.359569,0.005374,0.005374
257999.938715,521.000000,3.365289,0.005720,0.005720
258999.908878,523.000000,3.377317,0.012028,0.006243
260000.143542,525.000000,3.388391,0.011074,0.005546
260999.961380,526.000000,3.394364,0.005973,0.005973
262000.051405,530.000000,3.417551,0.023187,0.006069
263001.988793,532.000000,3.431273,0.013722,0.007121
263999.906718,534.000000,3.442673,0.011400,0.005832
265001.255573,536.000000,3.455293,0.012620,0.006360
265999.907107,539.000000,3.473422,0.018129,0.006177
266999.933416,542.000000,3.491436,0.018014,0.006216
267999.905885,545.000000,3.509701,0.018265,0.006301
269000.537168,548.000000,3.527849,0.018148,0.006755
269999.936695,550.000000,3.540075,0.012226,0.006362
271001.506893,551.000000,3.545897,0.005822,0.005822
271999.906270,555.000000,3.569643,0.023746,0.006337
273000.300283,557.000000,3.582517,0.012874,0.006499
274000.057349,561.000000,3.604464,0.021947,0.005761
275000.089319,562.000000,3.610106,0.005642,0.005642
275999.961196,563.000000,3.616229,0.006123,0.006123
277001.699036,567.000000,3.640839,0.024610,0.006577
278000.053135,568.000000,3.647263,0.006424,0.006424
278999.946850,569.000000,3.656788,0.009525,0.009525
280000.663467,571.000000,3.668814,0.012026,0.006275
280999.906223,573.000000,3.681071,0.012257,0.006293
281999.944467,574.000000,3.686287,0.005216,0.005216
283000.404663,576.000000,3.699046,0.012759,0.006814
284000.433143,581.000000,3.727438,0.028392,0.005787
284999.907584,586.000000,3.840240,0.112802,0.089740
285999.955977,586.000000,3.840240,0.000000,0.000000
286999.940885,586.000000,3.840240,0.000000,0.000000
287999.989299,588.000000,3.851300,0.011060,0.005699
289002.049838,591.000000,3.870713,0.019413,0.006782
289999.991271,591.000000,3.870713,0.000000,0.000000
290999.907041,594.000000,3.888825,0.018112,0.006356
291999.929863,595.000000,3.894448,0.005623,0.005623
292999.935858,598.000000,3.913562,0.019114,0.006935
293999.935535,601.000000,3.931086,0.017524,0.006494
295000.242767,603.000000,3.942069,0.010983,0.005747
295999.928630,605.000000,3.953644,0.011575,0.005905
296999.868337,607.000000,3.965470,0.011826,0.006449
297999.924856,608.000000,3.972020,0.006550,0.006550
298999.934494,611.000000,3.989669,0.017649,0.006201
300001.817202,612.000000,3.995801,0.006132,0.006132
300999.906490,613.000000,4.001523,0.005722,0.005722
301999.907325,614.000000,4.008788,0.007265,0.007265
303000.507011,614.000000,4.008788,0.000000,0.000000
303999.912417,617.000000,4.025814,0.017026,0.006239
304999.914632,618.000000,4.032492,0.006678,0.006678
305999.911638,620.000000,4.044641,0.012149,0.006152
307000.917419,622.000000,4.058640,0.013999,0.007715
307999.909242,622.000000,4.058640,0.000000,0.000000
309000.170540,624.000000,4.070716,0.012076,0.006345
309999.906613,629.000000,4.099416,0.028700,0.006279
310999.917999,631.000000,4.111007,0.011591,0.006068
311999.916295,634.000000,4.130013,0.019006,0.006713
313000.188600,637.000000,4.147158,0.017145,0.006130
313999.930512,637.000000,4.147158,0.000000,0.000000
315000.133586,639.000000,4.159484,0.012326,0.006636
315999.904537,642.000000,4.177208,0.017724,0.006495
317000.150443,643.000000,4.182891,0.005683,0.005683
318001.511956,646.000000,4.200819,0.017928,0.006730
319000.175746,649.000000,4.219303,0.018484,0.006697
319999.907583,650.000000,4.224923,0.005620,0.005620
320999.913847,652.000000,4.238400,0.013477,0.007662
321999.909892,655.000000,4.255533,0.017133,0.005791
323000.360192,656.000000,4.261255,0.005722,0.005722
323999.864429,659.000000,4.280379,0.019124,0.006516
325000.045201,660.000000,4.286632,0.006253,0.006253
325999.906456,665.000000,4.315667,0.029035,0.006280
326999.909754,667.000000,4.327654,0.011987,0.006210
327999.901925,671.000000,4.351793,0.024139,0.006748
328999.938767,676.000000,4.381065,0.029272,0.006318
329999.905219,676.000000,4.381065,0.000000,0.000000
331000.169505,677.000000,4.387055,0.005990,0.005990
331999.908477,679.000000,4.397843,0.010788,0.005629
332999.883668,680.000000,4.403668,0.005825,0.005825
334000.096309,688.000000,4.451494,0.047826,0.006904
334999.912167,688.000000,4.451494,0.000000,0.000000
336000.159318,692.000000,4.481534,0.030040,0.012632
337000.143257,693.000000,4.487092,0.005558,0.005558
338000.507469,696.000000,4.506607,0.019515,0.007001
338999.895203,697.000000,4.513430,0.006823,0.006823
339999.936905,698.000000,4.519618,0.006188,0.006188
341000.266256,698.000000,4.519618,0.000000,0.000000
341999.912955,698.000000,4.519618,0.000000,0.000000
343000.115908,700.000000,4.532240,0.012622,0.006337
343999.939521,702.000000,4.544968,0.012728,0.006668
345000.061404,703.000000,4.550792,0.005824,0.005824
345999.910217,704.000000,4.557394,0.006602,0.006602
346999.903782,704.000000,4.557394,0.000000,0.000000
347999.929919,705.000000,4.563671,0.006277,0.006277
348999.906576,709.000000,4.587256,0.023585,0.006677
349999.941440,710.000000,4.593003,0.005747,0.005747
351000.047841,710.000000,4.593003,0.000000,0.000000
352000.562235,713.000000,4.610830,0.017827,0.005957
353001.583342,715.000000,4.622631,0.011801,0.006088
353999.909390,715.000000,4.622631,0.000000,0.000000
355000.856710,716.000000,4.628308,0.005677,0.005677
355999.902587,718.000000,4.639015,0.010707,0.005357
356999.977324,722.000000,4.661039,0.022024,0.005712
357999.908403,726.000000,4.684958,0.023919,0.006593
359000.159504,727.000000,4.691023,0.006065,0.006065
360000.119304,730.000000,4.709902,0.018879,0.007160
360999.912988,732.000000,4.722327,0.012425,0.006735
361999.939177,733.000000,4.727950,0.005623,0.005623
363000.296787,735.000000,4.740931,0.012981,0.006719
363999.906106,737.000000,4.753367,0.012436,0.006723
