Time Recorded,Absolute Call Count,Absolute Total Duration,Relative Total Duration,Relative Max Duration
999.755198,47.000000,1.700159,0.848928,0.051648
1999.752835,65.000000,2.343245,0.643086,0.052437
2999.752239,84.000000,2.981082,0.637837,0.052792
4000.120529,100.000000,3.517540,0.536458,0.051572
5002.433990,101.000000,3.591655,0.074115,0.074115
5999.895188,133.000000,4.759805,1.168150,0.067985
6999.944716,149.000000,5.362917,0.603112,0.090381
8003.801425,158.000000,5.691491,0.328574,0.052439
9003.176151,165.000000,6.016667,0.325176,0.081816
9999.757015,175.000000,6.381694,0.365027,0.040745
11006.923653,186.000000,6.831814,0.450120,0.061805
12000.693076,196.000000,7.272442,0.440628,0.075044
12999.754855,205.000000,7.656322,0.383880,0.054579
14000.882672,213.000000,8.000861,0.344539,0.072324
14999.784237,221.000000,8.341095,0.340234,0.057939
16005.408710,232.000000,8.713211,0.372116,0.046207
17001.953724,242.000000,9.085215,0.372004,0.059757
17999.761641,250.000000,9.384045,0.298830,0.051231
18999.837711,256.000000,9.702143,0.318098,0.105018
19999.785723,263.000000,9.950825,0.248682,0.039073
21000.131583,271.000000,10.276290,0.325465,0.064152
22000.285334,281.000000,10.676584,0.400294,0.069279
23000.466972,291.000000,11.361062,0.684478,0.270450
24000.720111,300.000000,11.724406,0.363344,0.063662
25004.788571,308.000000,12.127928,0.403522,0.101732
26001.499212,316.000000,12.484900,0.356972,0.061147
27006.083837,324.000000,12.809843,0.324943,0.082775
28000.884847,333.000000,13.161991,0.352148,0.049968
28999.762181,342.000000,13.489360,0.327369,0.048221
30000.007231,351.000000,13.812194,0.322834,0.051111
31000.214062,358.000000,14.099417,0.287223,0.056116
32002.033097,369.000000,14.957415,0.857998,0.416932
33000.425638,379.000000,15.317163,0.359748,0.052634
34000.243809,388.000000,15.685374,0.368211,0.055089
35001.814090,397.000000,15.997209,0.311835,0.038423
35999.917744,405.000000,16.300898,0.303689,0.052724
37003.701137,417.000000,16.721316,0.420418,0.046307
37999.749530,429.000000,17.136887,0.415571,0.049014
39004.672011,435.000000,17.385809,0.248922,0.052662
39999.754794,444.000000,17.717981,0.332172,0.045366
41000.111102,453.000000,18.034513,0.316532,0.050122
42001.187385,461.000000,20.478052,2.443539,2.132388
43007.923502,470.000000,21.360803,0.882751,0.569322
44009.347933,479.000000,21.670518,0.309715,0.055644
45001.604680,487.000000,21.965967,0.295449,0.054108
46001.536887,492.000000,22.143809,0.177842,0.050036
46999.975031,496.000000,22.272544,0.128735,0.036636
47999.760302,502.000000,22.508579,0.236035,0.052193
49000.017371,509.000000,22.764694,0.256115,0.052198
49999.754284,518.000000,23.087704,0.323010,0.038417
51001.882168,527.000000,23.485167,0.397463,0.083789
51999.750497,535.000000,24.207588,0.722421,0.439128
53000.700265,544.000000,24.599550,0.391962,0.098449
54001.032866,553.000000,24.963522,0.363972,0.051004
54999.785187,564.000000,25.383887,0.420365,0.051502
55999.755970,577.000000,25.866497,0.482610,0.052715
57001.417331,588.000000,26.288665,0.422168,0.053590
58001.843108,599.000000,26.670837,0.382172,0.051551
59007.308992,610.000000,27.026581,0.355744,0.047034
60008.697915,622.000000,27.465697,0.439116,0.053608
61003.704424,635.000000,27.908976,0.443279,0.046596
62005.799865,646.000000,28.366833,0.457857,0.053959
63002.422689,659.000000,28.830022,0.463189,0.051907
63999.765983,670.000000,29.239134,0.409112,0.054114
65000.799130,681.000000,29.654659,0.415525,0.053259
66001.753349,694.000000,30.101745,0.447086,0.047684
66999.866352,707.000000,30.568113,0.466368,0.043255
67999.931245,718.000000,30.982237,0.414124,0.062074
69000.524754,727.000000,32.166963,1.184726,0.916304
69999.793412,734.000000,32.413911,0.246948,0.046337
70999.755710,741.000000,32.701075,0.287164,0.052532
71999.831861,749.000000,33.025078,0.324003,0.091922
73001.682371,758.000000,33.360066,0.334988,0.055637
73999.995664,767.000000,34.683832,1.323766,1.038019
74999.754812,778.000000,35.123673,0.439841,0.105008
76008.959592,790.000000,37.150605,2.026932,1.505896
77003.328816,800.000000,37.539399,0.388794,0.061498
78000.001332,814.000000,38.013914,0.474515,0.055801
79007.303928,826.000000,38.437788,0.423874,0.049112
79999.755946,838.000000,38.916031,0.478243,0.070386
81001.157861,852.000000,39.365004,0.448973,0.044107
82000.010870,862.000000,39.757373,0.392369,0.052991
83000.394503,874.000000,40.169880,0.412507,0.049412
84002.306805,887.000000,40.793503,0.623623,0.119189
85000.132093,900.000000,41.212239,0.418736,0.054835
86000.074581,913.000000,41.634586,0.422347,0.056720
87002.736534,926.000000,42.076908,0.442322,0.046085
87999.900356,939.000000,42.509039,0.432131,0.042702
89000.468551,952.000000,42.995860,0.486821,0.060821
90000.265117,965.000000,43.457956,0.462096,0.064677
90999.813775,979.000000,43.947216,0.489260,0.047391
91999.753525,991.000000,44.357830,0.410614,0.047642
93011.571888,1004.000000,44.798960,0.441130,0.051211
94001.780014,1015.000000,45.190075,0.391115,0.048566
95006.556692,1027.000000,45.583565,0.393490,0.051220
96003.140264,1041.000000,46.051821,0.468256,0.058925
97005.231812,1053.000000,46.471541,0.419720,0.051965
97999.888762,1067.000000,46.932415,0.460874,0.049479
99000.488855,1078.000000,47.346458,0.414043,0.089040
99999.951623,1090.000000,47.785112,0.438654,0.072998
101001.972290,1104.000000,48.510903,0.725791,0.324136
102003.502975,1116.000000,48.993976,0.483073,0.122891
103000.533273,1129.000000,49.430385,0.436409,0.047615
104000.970843,1142.000000,49.886181,0.455796,0.049345
105002.948449,1155.000000,50.361291,0.475110,0.064678
106000.162155,1169.000000,50.807565,0.446274,0.043840
106999.784247,1183.000000,51.235660,0.428095,0.045375
108001.605318,1196.000000,51.682508,0.446848,0.058353
108999.885638,1209.000000,52.330751,0.648243,0.290818
110010.863020,1221.000000,53.047234,0.716483,0.340054
110999.781533,1232.000000,53.424981,0.377747,0.048099
112001.827560,1247.000000,53.939611,0.514630,0.048144
112999.754330,1260.000000,54.421922,0.482311,0.060296
114013.216947,1272.000000,54.836474,0.414552,0.047075
115009.217201,1286.000000,55.291614,0.455140,0.045522
115999.922066,1298.000000,55.665398,0.373784,0.034224
116999.852641,1311.000000,56.089372,0.423974,0.044613
118011.824893,1325.000000,56.660970,0.571598,0.082211
119010.006445,1338.000000,57.154311,0.493341,0.093513
119999.785944,1351.000000,57.619477,0.465166,0.068893
120999.835735,1364.000000,58.052902,0.433425,0.062020
122002.140168,1374.000000,58.403360,0.350458,0.053507
123007.469163,1388.000000,58.865442,0.462082,0.053521
124003.446183,1404.000000,59.367329,0.501887,0.043196
125000.993436,1417.000000,59.845082,0.477753,0.096932
125999.808267,1430.000000,60.250748,0.405666,0.044645
126999.868005,1441.000000,60.820012,0.569264,0.255678
128001.995541,1454.000000,61.229681,0.409669,0.044142
129003.661144,1468.000000,61.675381,0.445700,0.046284
130003.942662,1484.000000,62.184578,0.509197,0.045069
131007.308271,1496.000000,62.572672,0.388094,0.045418
131999.759305,1508.000000,62.984819,0.412147,0.046142
133002.043040,1518.000000,63.357612,0.372793,0.062657
133999.753037,1532.000000,63.802224,0.444612,0.044902
135005.064616,1546.000000,64.228950,0.426726,0.040433
136003.356341,1562.000000,64.847452,0.618502,0.159123
137004.570617,1575.000000,65.246038,0.398586,0.043157
137999.787444,1587.000000,65.657538,0.411500,0.045431
139003.636605,1599.000000,66.048748,0.391210,0.044593
139999.727540,1612.000000,66.475728,0.426980,0.043911
141001.612180,1625.000000,66.895272,0.419544,0.044072
142002.602662,1641.000000,67.585861,0.690589,0.224274
143000.466173,1652.000000,67.935082,0.349221,0.043004
144001.519421,1665.000000,68.363449,0.428367,0.046276
145000.882648,1678.000000,68.799938,0.436489,0.043082
146002.232603,1690.000000,69.193162,0.393224,0.045284
147004.363257,1703.000000,69.607343,0.414181,0.043822
148005.260522,1718.000000,70.080510,0.473167,0.043958
149002.092283,1731.000000,70.498396,0.417886,0.046800
149999.806294,1744.000000,70.895113,0.396717,0.044686
151001.877576,1756.000000,71.300938,0.405825,0.045684
151999.755389,1770.000000,71.796664,0.495726,0.109696
153002.320458,1783.000000,72.173027,0.376363,0.031561
153999.874254,1796.000000,72.591374,0.418347,0.045922
154999.754527,1807.000000,72.946594,0.355220,0.043771
155999.774543,1820.000000,73.350412,0.403818,0.043493
157000.247912,1833.000000,73.757281,0.406869,0.042262
158005.987983,1847.000000,74.322292,0.565011,0.183136
158999.939650,1858.000000,74.734364,0.412072,0.077161
159999.915219,1871.000000,75.175795,0.441431,0.049313
161004.124779,1884.000000,76.199142,1.023347,0.632681
162000.800184,1898.000000,76.675378,0.476236,0.069302
163002.000119,1910.000000,77.065749,0.390371,0.045481
164001.419613,1923.000000,77.478619,0.412870,0.043879
165001.918052,1937.000000,77.981786,0.503167,0.076352
166009.997806,1951.000000,78.540445,0.558659,0.170134
167011.539356,1964.000000,78.958527,0.418082,0.059757
167999.942621,1976.000000,79.385719,0.427192,0.051713
169007.528549,1989.000000,79.893482,0.507763,0.128987
170001.964623,2004.000000,80.332279,0.438797,0.042581
170999.802270,2016.000000,80.747800,0.415521,0.046223
171999.753271,2031.000000,81.271920,0.524120,0.084011
172999.751992,2044.000000,81.749972,0.478052,0.068800
174001.412572,2057.000000,82.159129,0.409157,0.044811
174999.975967,2068.000000,82.604146,0.445017,0.069312
176009.371329,2081.000000,83.016646,0.412500,0.047099
176999.991294,2094.000000,83.464225,0.447579,0.049603
178005.222727,2107.000000,83.947884,0.483659,0.050961
179002.157712,2117.000000,84.315281,0.367397,0.046304
179999.757351,2128.000000,84.696370,0.381089,0.051556
180999.849440,2137.000000,85.063397,0.367027,0.062502
181999.933874,2149.000000,85.439527,0.376130,0.034041
183001.974706,2159.000000,85.756964,0.317437,0.047806
184001.018320,2172.000000,86.169922,0.412958,0.033544
184999.826344,2177.000000,86.364840,0.194918,0.046178
186001.921263,2186.000000,86.685002,0.320162,0.058687
187003.071538,2196.000000,87.015835,0.330833,0.044534
187999.963497,2206.000000,87.331474,0.315639,0.045001
189008.925786,2217.000000,87.769593,0.438119,0.121469
190007.942968,2227.000000,88.174973,0.405380,0.096813
190999.819632,2235.000000,88.416278,0.241305,0.031254
191999.816106,2242.000000,88.666314,0.250036,0.046531
192999.762853,2252.000000,88.994286,0.327972,0.046848
193999.897440,2259.000000,89.234019,0.239733,0.044458
195009.999899,2271.000000,89.645201,0.411182,0.046140
195999.764554,2287.000000,90.159073,0.513872,0.063158
197000.514865,2299.000000,90.525549,0.366476,0.041543
198000.721275,2312.000000,90.945287,0.419738,0.046698
199001.072538,2324.000000,91.387374,0.442087,0.062700
200001.459012,2337.000000,91.873114,0.485740,0.059115
201008.819028,2349.000000,92.265243,0.392129,0.043262
202008.704894,2363.000000,92.741223,0.475980,0.057791
203002.497412,2374.000000,93.098473,0.357250,0.044081
203999.840564,2387.000000,93.475497,0.377024,0.041841
205004.422046,2400.000000,93.869038,0.393541,0.045949
205999.744837,2413.000000,94.875502,1.006464,0.607345
207007.161418,2425.000000,95.242818,0.367316,0.042305
208010.760999,2439.000000,95.671773,0.428955,0.041764
208999.754773,2453.000000,96.085948,0.414175,0.041394
210000.628201,2466.000000,96.567147,0.481199,0.047221
211000.220896,2478.000000,96.989299,0.422152,0.045595
212003.043652,2490.000000,97.435443,0.446144,0.076543
212999.749939,2501.000000,97.772891,0.337448,0.044703
213999.752611,2517.000000,98.284015,0.511124,0.061400
215000.470877,2531.000000,98.708147,0.424132,0.042971
216011.737962,2543.000000,99.093413,0.385266,0.045530
217002.027203,2556.000000,99.549389,0.455976,0.090641
218001.321839,2568.000000,99.902414,0.353025,0.034111
218999.784202,2581.000000,100.290338,0.387924,0.043600
220002.946402,2597.000000,101.370008,1.079670,0.581014
220999.897970,2609.000000,101.807043,0.437035,0.052965
221999.755092,2621.000000,102.225224,0.418181,0.045049
222999.750709,2630.000000,102.923593,0.698369,0.347886
223999.913038,2643.000000,103.359209,0.435616,0.070021
225008.994429,2656.000000,103.786762,0.427553,0.045194
226001.084983,2673.000000,104.376810,0.590048,0.096409
226999.781791,2687.000000,104.861214,0.484404,0.064409
227999.750756,2700.000000,105.276648,0.415434,0.057655
228999.751711,2711.000000,105.643683,0.367035,0.037936
229999.899015,2725.000000,106.100064,0.456381,0.044144
230999.808543,2738.000000,106.518218,0.418154,0.061612
232005.870975,2754.000000,107.007390,0.489172,0.043759
233008.791846,2767.000000,107.449636,0.442246,0.046882
234013.457054,2778.000000,107.803588,0.353952,0.043505
235008.262219,2792.000000,108.323813,0.520225,0.129433
236002.156515,2805.000000,108.726768,0.402955,0.043804
237008.498999,2818.000000,109.150079,0.423311,0.056259
238002.612672,2833.000000,109.678992,0.528913,0.076074
239001.098087,2844.000000,110.031541,0.352549,0.045086
239999.749581,2857.000000,110.432001,0.400460,0.041699
240999.749997,2869.000000,110.935042,0.503041,0.097908
242005.903668,2882.000000,111.350930,0.415888,0.045554
243000.406007,2895.000000,111.745424,0.394494,0.044566
243999.758198,2911.000000,112.262938,0.517514,0.044320
245000.035184,2920.000000,113.164551,0.901613,0.584475
245999.784891,2933.000000,113.588709,0.424158,0.045836
247002.570538,2946.000000,113.998779,0.410070,0.041406
248000.060225,2960.000000,114.424514,0.425735,0.037437
249001.583489,2973.000000,114.841969,0.417455,0.051611
249999.750466,2987.000000,115.389254,0.547285,0.153874
250999.905812,3000.000000,115.807024,0.417770,0.044379
252004.204974,3013.000000,116.216670,0.409646,0.046877
253000.353542,3026.000000,116.628510,0.411840,0.043667
253999.753402,3038.000000,117.027416,0.398906,0.044527
254999.841951,3049.000000,117.433586,0.406170,0.096764
256000.305041,3064.000000,117.937926,0.504340,0.087990
256999.756683,3076.000000,118.356190,0.418264,0.054150
258010.018127,3089.000000,118.755581,0.399391,0.040731
259004.154922,3102.000000,119.177151,0.421570,0.044150
260001.662893,3114.000000,119.547597,0.370446,0.041222
261003.214944,3125.000000,119.940278,0.392681,0.064551
262006.072558,3140.000000,120.387105,0.446827,0.043265
263000.140897,3153.000000,121.030050,0.642945,0.226324
264001.339633,3167.000000,121.485368,0.455318,0.061125
265001.159365,3180.000000,121.869772,0.384404,0.040602
265999.960804,3192.000000,122.307496,0.437724,0.066435
267004.034011,3205.000000,122.791895,0.484399,0.101136
267999.808787,3221.000000,123.282250,0.490355,0.045077
269002.926374,3234.000000,123.690939,0.408689,0.045344
270001.575609,3248.000000,124.143876,0.452937,0.068230
271002.180955,3261.000000,124.574223,0.430347,0.052411
271999.953358,3273.000000,125.028588,0.454365,0.099451
273009.805644,3287.000000,125.472219,0.443631,0.053222
274000.158255,3303.000000,126.015007,0.542788,0.100272
274999.755037,3314.000000,126.370609,0.355602,0.044653
276001.578144,3326.000000,126.788343,0.417734,0.054677
277011.517625,3340.000000,127.209350,0.421007,0.041212
278008.721987,3354.000000,127.656545,0.447195,0.044364
279001.918275,3366.000000,128.058360,0.401815,0.044997
280003.577229,3382.000000,128.552793,0.494433,0.045542
281003.001095,3396.000000,128.987025,0.434232,0.043988
282014.801379,3408.000000,129.427618,0.440593,0.073662
283004.381349,3419.000000,129.840633,0.413015,0.096594
283999.755101,3433.000000,130.300774,0.460141,0.043372
285002.332605,3446.000000,130.749014,0.448240,0.052027
286002.872380,3461.000000,131.274243,0.525229,0.056917
287001.946086,3473.000000,131.728089,0.453846,0.068761
288007.193255,3486.000000,132.131515,0.403426,0.041514
289003.973086,3499.000000,132.539021,0.407506,0.044009
289999.791141,3512.000000,132.935243,0.396222,0.042816
291010.004406,3523.000000,133.295851,0.360608,0.044095
291999.834274,3539.000000,133.804187,0.508336,0.043562
293004.538576,3552.000000,134.222280,0.418093,0.050433
293999.826387,3566.000000,134.677290,0.455010,0.058097
295003.464595,3578.000000,135.059041,0.381751,0.045895
296005.551477,3592.000000,135.552921,0.493880,0.061959
297000.029200,3606.000000,135.965862,0.412941,0.039119
297999.826657,3621.000000,136.891876,0.926014,0.480485
299001.762767,3633.000000,137.292466,0.400590,0.043632
300002.958951,3646.000000,137.928570,0.636104,0.197470
301009.253514,3658.000000,138.367877,0.439307,0.062837
302009.686747,3670.000000,138.736093,0.368216,0.042575
303000.462394,3684.000000,139.768414,1.032321,0.625711
304007.897223,3700.000000,140.277759,0.509345,0.068376
304999.760279,3710.000000,141.357312,1.079553,0.803371
306001.431776,3719.000000,141.698784,0.341472,0.056583
307001.689823,3729.000000,142.018884,0.320100,0.043097
308000.012436,3737.000000,142.279836,0.260952,0.044520
308999.760361,3744.000000,142.506079,0.226243,0.043794
310000.672419,3757.000000,143.011266,0.505187,0.134843
311000.624281,3769.000000,143.452754,0.441488,0.051166
311999.770374,3781.000000,143.855569,0.402815,0.059131
313000.692465,3792.000000,144.237413,0.381844,0.052235
313999.787594,3803.000000,144.628965,0.391552,0.048214
314999.940170,3815.000000,145.044008,0.415043,0.048962
316000.239213,3828.000000,145.519046,0.475038,0.075422
317008.229403,3840.000000,145.969213,0.450167,0.057910
317999.783062,3854.000000,146.391011,0.421798,0.043115
318999.777387,3867.000000,146.801570,0.410559,0.044925
320001.467619,3880.000000,147.182098,0.380528,0.031833
321004.534935,3892.000000,147.541629,0.359531,0.034129
322001.691724,3907.000000,148.113215,0.571586,0.086942
322999.783369,3919.000000,148.523705,0.410490,0.044050
323999.753823,3933.000000,148.948733,0.425028,0.043692
325001.548089,3945.000000,149.346325,0.397592,0.043871
326000.039940,3958.000000,149.865610,0.519285,0.165008
327004.211806,3969.000000,150.239693,0.374083,0.053133
328002.929749,3985.000000,150.752675,0.512982,0.045614
329000.585141,3998.000000,151.176375,0.423700,0.049471
330000.536579,4011.000000,151.657864,0.481489,0.070563
331003.595658,4019.000000,152.101006,0.443142,0.157185
332002.052094,4028.000000,152.373165,0.272159,0.033685
333000.767409,4040.000000,152.778212,0.405047,0.045105
334004.063737,4056.000000,153.354555,0.576343,0.098004
334999.816984,4066.000000,153.667759,0.313204,0.044247
336000.082972,4077.000000,154.004600,0.336841,0.044130
336999.757159,4087.000000,154.360895,0.356295,0.046348
338000.557871,4099.000000,154.792922,0.432027,0.062043
339000.664439,4109.000000,155.117770,0.324848,0.044648
340007.434117,4119.000000,155.435483,0.317713,0.045186
340999.759382,4127.000000,155.736258,0.300775,0.084262
342000.081655,4138.000000,156.157651,0.421393,0.090326
343000.392359,4149.000000,156.560202,0.402551,0.093726
344000.818664,4161.000000,156.954651,0.394449,0.046623
344999.756345,4173.000000,157.361116,0.406465,0.045252
346006.876596,4189.000000,157.908982,0.547866,0.057887
346999.957522,4201.000000,158.282767,0.373785,0.041375
348000.526601,4212.000000,158.611176,0.328409,0.031908
349001.438947,4225.000000,159.004604,0.393428,0.041085
350012.893241,4237.000000,159.486973,0.482369,0.114319
350999.757599,4249.000000,159.910888,0.423915,0.046244
352000.821541,4264.000000,160.489549,0.578661,0.127830
352999.969491,4275.000000,160.843161,0.353612,0.045210
353999.922908,4288.000000,161.237042,0.393881,0.045856
354999.757233,4300.000000,161.625736,0.388694,0.044009
355999.789506,4313.000000,162.022667,0.396931,0.044428
356999.862176,4325.000000,162.423597,0.400930,0.056625
357999.777700,4339.000000,162.889287,0.465690,0.043428
358999.752594,4350.000000,163.334726,0.445439,0.087243
360001.895813,4359.000000,163.641005,0.306279,0.046219
360999.752096,4369.000000,163.957647,0.316642,0.041574
362000.651338,4378.000000,164.267473,0.309826,0.044741
363000.343861,4391.000000,164.691602,0.424129,0.044903
364001.467891,4404.000000,166.448356,1.756754,1.130199
