Time Recorded,Absolute Call Count,Absolute Total Duration,Relative Total Duration,Relative Max Duration
999.755198,2.000000,0.054432,0.000000,0.000000
1999.752835,2.000000,0.054432,0.000000,0.000000
2999.752239,2.000000,0.054432,0.000000,0.000000
4000.120529,3.000000,0.072829,0.018397,0.018397
5002.433990,3.000000,0.072829,0.000000,0.000000
5999.895188,3.000000,0.072829,0.000000,0.000000
6999.944716,9.000000,0.188235,0.115406,0.025648
8003.801425,19.000000,0.743277,0.555042,0.382009
9003.176151,27.000000,0.879464,0.136187,0.021183
9999.757015,38.000000,1.068559,0.189095,0.019667
11006.923653,50.000000,1.277279,0.208720,0.024543
12000.693076,61.000000,1.464298,0.187019,0.024463
12999.754855,71.000000,1.645974,0.181676,0.021395
14000.882672,80.000000,1.796606,0.150632,0.018267
14999.784237,89.000000,1.994046,0.197440,0.042256
16005.408710,101.000000,2.661920,0.667874,0.495130
17001.953724,112.000000,2.866607,0.204687,0.025655
17999.761641,121.000000,3.582753,0.716146,0.575062
18999.837711,128.000000,3.702047,0.119294,0.018550
19999.785723,136.000000,3.869460,0.167413,0.032666
21000.131583,145.000000,4.034408,0.164948,0.032317
22000.285334,156.000000,4.264933,0.230525,0.028194
23000.466972,167.000000,4.458395,0.193462,0.023726
24000.720111,177.000000,4.672362,0.213967,0.035967
25004.788571,186.000000,4.893552,0.221190,0.079509
26001.499212,195.000000,5.079011,0.185459,0.042736
27006.083837,204.000000,5.274426,0.195415,0.053976
28000.884847,214.000000,6.778018,1.503592,1.340530
28999.762181,224.000000,6.948370,0.170352,0.022417
30000.007231,234.000000,7.117343,0.168973,0.025752
31000.214062,242.000000,7.285002,0.167659,0.045078
32002.033097,254.000000,7.592301,0.307299,0.111926
33000.425638,265.000000,7.782593,0.190292,0.024366
34000.243809,275.000000,7.949299,0.166706,0.021535
35001.814090,285.000000,8.163261,0.213962,0.059883
35999.917744,294.000000,8.327318,0.164057,0.022253
37003.701137,307.000000,8.567463,0.240145,0.037547
37999.749530,320.000000,8.801224,0.233761,0.025919
39004.672011,327.000000,8.949429,0.148205,0.042105
39999.754794,337.000000,9.195660,0.246231,0.042519
41000.111102,347.000000,9.379653,0.183993,0.023057
42001.187385,356.000000,9.537617,0.157964,0.019855
43007.923502,366.000000,9.844104,0.306487,0.143333
44009.347933,376.000000,10.027286,0.183182,0.027434
45001.604680,385.000000,10.253198,0.225912,0.085092
46001.536887,391.000000,10.364703,0.111505,0.021654
46999.975031,396.000000,10.499334,0.134631,0.061447
47999.760302,403.000000,10.620890,0.121556,0.019326
49000.017371,411.000000,10.772598,0.151708,0.026833
49999.754284,421.000000,10.946042,0.173444,0.025334
51001.882168,431.000000,11.132258,0.186216,0.025572
51999.750497,440.000000,11.308519,0.176261,0.028626
53000.700265,450.000000,11.481810,0.173291,0.021066
54001.032866,460.000000,11.685943,0.204133,0.029351
54999.785187,472.000000,11.899162,0.213219,0.024472
55999.755970,486.000000,12.151438,0.252276,0.028170
57001.417331,498.000000,12.385528,0.234090,0.028155
58001.843108,510.000000,12.594370,0.208842,0.028126
59007.308992,522.000000,12.819876,0.225506,0.027147
60008.697915,535.000000,13.212559,0.392683,0.197928
61003.704424,549.000000,13.425447,0.212888,0.022255
62005.799865,561.000000,13.619293,0.193846,0.023189
63002.422689,575.000000,13.856911,0.237618,0.026392
63999.765983,587.000000,14.105925,0.249014,0.041881
65000.799130,599.000000,14.311659,0.205734,0.026226
66001.753349,613.000000,14.600608,0.288949,0.057844
66999.866352,627.000000,14.822262,0.221654,0.028373
67999.931245,639.000000,15.029060,0.206798,0.026595
69000.524754,649.000000,15.200652,0.171592,0.029579
69999.793412,657.000000,15.373413,0.172761,0.041614
70999.755710,665.000000,15.568428,0.195015,0.067542
71999.831861,674.000000,15.743739,0.175311,0.025067
73001.682371,684.000000,15.934012,0.190273,0.023716
73999.995664,694.000000,16.120712,0.186700,0.024766
74999.754812,706.000000,16.313863,0.193151,0.023559
76008.959592,719.000000,16.537550,0.223687,0.023027
77003.328816,730.000000,16.731851,0.194301,0.022361
78000.001332,745.000000,16.976288,0.244437,0.023794
79007.303928,758.000000,17.232589,0.256301,0.042135
79999.755946,771.000000,17.448546,0.215957,0.020859
81001.157861,786.000000,17.741715,0.293169,0.052469
82000.010870,797.000000,17.913364,0.171649,0.023013
83000.394503,810.000000,18.120093,0.206729,0.020901
84002.306805,824.000000,18.402921,0.282828,0.026290
85000.132093,838.000000,18.647576,0.244655,0.023816
86000.074581,852.000000,18.853218,0.205642,0.019255
87002.736534,866.000000,19.101873,0.248655,0.026642
87999.900356,880.000000,19.323327,0.221454,0.021653
89000.468551,894.000000,19.566797,0.243470,0.024496
90000.265117,908.000000,19.816464,0.249667,0.026479
90999.813775,923.000000,20.075420,0.258956,0.023639
91999.753525,936.000000,20.493501,0.418081,0.235156
93011.571888,950.000000,20.721154,0.227653,0.022923
94001.780014,962.000000,20.916112,0.194958,0.025037
95006.556692,975.000000,21.130247,0.214135,0.024522
96003.140264,990.000000,21.408540,0.278293,0.040001
97005.231812,1003.000000,21.628020,0.219480,0.025696
97999.888762,1018.000000,21.868635,0.240615,0.025329
99000.488855,1030.000000,22.084435,0.215800,0.027858
99999.951623,1043.000000,22.331551,0.247116,0.024953
101001.972290,1058.000000,22.567473,0.235922,0.021429
102003.502975,1071.000000,22.769858,0.202385,0.020939
103000.533273,1085.000000,23.015503,0.245645,0.023866
104000.970843,1099.000000,23.221743,0.206240,0.023146
105002.948449,1113.000000,23.464981,0.243238,0.024921
106000.162155,1127.000000,23.724437,0.259456,0.027743
106999.784247,1142.000000,25.351187,1.626750,1.358572
108001.605318,1156.000000,25.565135,0.213948,0.026612
108999.885638,1170.000000,25.809070,0.243935,0.025530
110010.863020,1183.000000,26.324636,0.515566,0.247025
110999.781533,1195.000000,26.527840,0.203204,0.024327
112001.827560,1210.000000,26.805701,0.277861,0.030028
112999.754330,1224.000000,27.066050,0.260349,0.024288
114013.216947,1237.000000,27.306750,0.240700,0.024538
115009.217201,1252.000000,27.613946,0.307196,0.053715
115999.922066,1265.000000,27.836579,0.222633,0.025025
116999.852641,1279.000000,28.800140,0.963561,0.760156
118011.824893,1293.000000,29.052800,0.252660,0.024442
119010.006445,1307.000000,29.262422,0.209622,0.019223
119999.785944,1321.000000,29.458591,0.196169,0.020050
120999.835735,1335.000000,29.722231,0.263640,0.043021
122002.140168,1346.000000,29.895102,0.172871,0.024381
123007.469163,1361.000000,30.217221,0.322119,0.072072
124003.446183,1377.000000,30.515190,0.297969,0.030906
125000.993436,1391.000000,30.790726,0.275536,0.052043
125999.808267,1405.000000,31.097857,0.307131,0.084488
126999.868005,1417.000000,31.323886,0.226029,0.023080
128001.995541,1431.000000,31.576097,0.252211,0.025220
129003.661144,1446.000000,31.828914,0.252817,0.037308
130003.942662,1462.000000,32.077965,0.249051,0.022535
131007.308271,1475.000000,32.285883,0.207918,0.024468
131999.759305,1488.000000,32.530371,0.244488,0.045169
133002.043040,1499.000000,32.715271,0.184900,0.021774
133999.753037,1514.000000,32.970765,0.255494,0.029642
135005.064616,1529.000000,33.260206,0.289441,0.028454
136003.356341,1545.000000,33.519487,0.259281,0.025288
137004.570617,1559.000000,33.776467,0.256980,0.026067
137999.787444,1572.000000,33.995712,0.219245,0.022840
139003.636605,1585.000000,34.239357,0.243645,0.038678
139999.727540,1599.000000,34.462997,0.223640,0.028197
141001.612180,1613.000000,34.697887,0.234890,0.026156
142002.602662,1629.000000,34.991237,0.293350,0.057370
143000.466173,1641.000000,35.209608,0.218371,0.029355
144001.519421,1655.000000,35.428429,0.218821,0.034263
145000.882648,1669.000000,35.641053,0.212624,0.024042
146002.232603,1682.000000,35.882119,0.241066,0.027036
147004.363257,1696.000000,36.556175,0.674056,0.489442
148005.260522,1711.000000,36.841285,0.285110,0.061847
149002.092283,1725.000000,37.065035,0.223750,0.022575
149999.806294,1739.000000,37.323271,0.258236,0.056441
151001.877576,1752.000000,37.541963,0.218692,0.023898
151999.755389,1767.000000,37.791733,0.249770,0.029561
153002.320458,1781.000000,38.120664,0.328931,0.109104
153999.874254,1794.000000,38.910718,0.790054,0.575065
154999.754527,1806.000000,39.138310,0.227592,0.042905
155999.774543,1820.000000,39.380643,0.242333,0.024032
157000.247912,1834.000000,39.623500,0.242857,0.023744
158005.987983,1849.000000,39.918536,0.295036,0.045904
158999.939650,1860.000000,40.108913,0.190377,0.024584
159999.915219,1874.000000,40.361375,0.252462,0.024401
161004.124779,1888.000000,40.595014,0.233639,0.023377
162000.800184,1903.000000,40.870313,0.275299,0.035060
163002.000119,1916.000000,41.089767,0.219454,0.025271
164001.419613,1930.000000,41.329305,0.239538,0.022518
165001.918052,1945.000000,41.567284,0.237979,0.021286
166009.997806,1959.000000,41.862504,0.295220,0.062732
167011.539356,1973.000000,42.088154,0.225650,0.021409
167999.942621,1986.000000,42.308248,0.220094,0.027462
169007.528549,2000.000000,42.569156,0.260908,0.030499
170001.964623,2016.000000,42.872952,0.303796,0.059315
170999.802270,2029.000000,43.160898,0.287946,0.085274
171999.753271,2044.000000,43.447550,0.286652,0.044050
172999.751992,2058.000000,43.668715,0.221165,0.022251
174001.412572,2072.000000,43.913222,0.244507,0.024003
174999.975967,2084.000000,44.178732,0.265510,0.077251
176009.371329,2098.000000,44.401752,0.223020,0.025972
176999.991294,2112.000000,44.618879,0.217127,0.018781
178005.222727,2125.000000,44.850985,0.232106,0.022558
179002.157712,2136.000000,45.058272,0.207287,0.023794
179999.757351,2148.000000,45.256787,0.198515,0.025408
180999.849440,2158.000000,45.440178,0.183391,0.027817
181999.933874,2171.000000,45.665294,0.225116,0.022363
183001.974706,2182.000000,45.865589,0.200295,0.050425
184001.018320,2195.000000,46.083332,0.217743,0.023911
184999.826344,2201.000000,46.183860,0.100528,0.018494
186001.921263,2211.000000,47.027949,0.844089,0.680434
187003.071538,2222.000000,47.212643,0.184694,0.019887
187999.963497,2233.000000,47.421228,0.208585,0.053535
189008.925786,2244.000000,47.612467,0.191239,0.022386
190007.942968,2255.000000,47.838208,0.225741,0.046419
190999.819632,2264.000000,48.004726,0.166518,0.022651
191999.816106,2272.000000,48.136680,0.131954,0.019045
192999.762853,2283.000000,48.331627,0.194947,0.033380
193999.897440,2291.000000,48.473222,0.141595,0.021272
195009.999899,2304.000000,48.684863,0.211641,0.023592
195999.764554,2320.000000,48.941464,0.256601,0.021541
197000.514865,2333.000000,49.161764,0.220300,0.026178
198000.721275,2347.000000,49.460921,0.299157,0.058566
199001.072538,2360.000000,49.725519,0.264598,0.055961
200001.459012,2374.000000,49.953718,0.228199,0.021402
201008.819028,2387.000000,50.200334,0.246616,0.025827
202008.704894,2401.000000,50.427809,0.227475,0.022386
203002.497412,2413.000000,50.641343,0.213534,0.023901
203999.840564,2427.000000,50.930391,0.289048,0.077798
205004.422046,2441.000000,51.165631,0.235240,0.026103
205999.744837,2455.000000,51.410902,0.245271,0.029378
207007.161418,2467.000000,51.648569,0.237667,0.029798
208010.760999,2482.000000,51.987273,0.338704,0.079881
208999.754773,2497.000000,52.248482,0.261209,0.025123
210000.628201,2511.000000,52.505072,0.256590,0.023361
211000.220896,2524.000000,52.719493,0.214421,0.023609
212003.043652,2537.000000,53.056000,0.336507,0.131515
212999.749939,2549.000000,53.278359,0.222359,0.034209
213999.752611,2565.000000,53.555453,0.277094,0.026516
215000.470877,2580.000000,53.837664,0.282211,0.025314
216011.737962,2593.000000,54.073547,0.235883,0.022127
217002.027203,2607.000000,54.308408,0.234861,0.029169
218001.321839,2620.000000,54.532167,0.223759,0.022440
218999.784202,2634.000000,54.764682,0.232515,0.027553
220002.946402,2650.000000,55.025668,0.260986,0.023650
220999.897970,2663.000000,55.351507,0.325839,0.113743
221999.755092,2676.000000,55.639861,0.288354,0.066272
222999.750709,2686.000000,55.814309,0.174448,0.024203
223999.913038,2700.000000,56.538254,0.723945,0.479154
225008.994429,2714.000000,56.772265,0.234011,0.024956
226001.084983,2731.000000,57.067706,0.295441,0.028279
226999.781791,2746.000000,57.317884,0.250178,0.029837
227999.750756,2760.000000,57.759540,0.441656,0.231759
228999.751711,2772.000000,58.000361,0.240821,0.040887
229999.899015,2787.000000,58.283447,0.283086,0.024306
230999.808543,2801.000000,58.553242,0.269795,0.035340
232005.870975,2817.000000,58.843335,0.290093,0.048139
233008.791846,2831.000000,59.151591,0.308256,0.083925
234013.457054,2843.000000,59.371505,0.219914,0.025392
235008.262219,2858.000000,59.602076,0.230571,0.022258
236002.156515,2872.000000,59.869981,0.267905,0.024170
237008.498999,2886.000000,60.118723,0.248742,0.028883
238002.612672,2901.000000,60.389454,0.270731,0.023425
239001.098087,2913.000000,60.617065,0.227611,0.025182
239999.749581,2927.000000,60.863507,0.246442,0.026674
240999.749997,2940.000000,61.115303,0.251796,0.059614
242005.903668,2954.000000,61.371275,0.255972,0.024095
243000.406007,2968.000000,61.597594,0.226319,0.022874
243999.758198,2984.000000,61.872549,0.274955,0.027160
245000.035184,2994.000000,62.051805,0.179256,0.023718
245999.784891,3008.000000,62.343404,0.291599,0.059590
247002.570538,3022.000000,62.590694,0.247290,0.022224
248000.060225,3037.000000,62.875448,0.284754,0.035160
249001.583489,3051.000000,63.139719,0.264271,0.026864
249999.750466,3065.000000,63.401619,0.261900,0.052917
250999.905812,3079.000000,63.626462,0.224843,0.023010
252004.204974,3093.000000,63.900467,0.274005,0.039648
253000.353542,3107.000000,64.110987,0.210520,0.020115
253999.753402,3120.000000,64.540468,0.429481,0.192501
254999.841951,3131.000000,64.720673,0.180205,0.025634
256000.305041,3147.000000,64.979845,0.259172,0.023195
256999.756683,3160.000000,65.185440,0.205595,0.020768
258010.018127,3174.000000,65.438754,0.253314,0.033282
259004.154922,3188.000000,65.676436,0.237682,0.022428
260001.662893,3201.000000,65.943012,0.266576,0.053598
261003.214944,3213.000000,66.712854,0.769842,0.576572
262006.072558,3228.000000,66.947729,0.234875,0.024540
263000.140897,3242.000000,67.192701,0.244972,0.026595
264001.339633,3257.000000,67.466051,0.273350,0.031741
265001.159365,3271.000000,67.673157,0.207106,0.021789
265999.960804,3284.000000,68.755848,1.082691,0.873434
267004.034011,3298.000000,69.024202,0.268354,0.046260
267999.808787,3314.000000,69.293776,0.269574,0.033721
269002.926374,3328.000000,69.505196,0.211420,0.023235
270001.575609,3343.000000,69.780074,0.274878,0.026914
271002.180955,3357.000000,70.059601,0.279527,0.028938
271999.953358,3370.000000,70.296437,0.236836,0.024806
273009.805644,3385.000000,70.557689,0.261252,0.026356
274000.158255,3401.000000,70.823527,0.265838,0.025868
274999.755037,3413.000000,71.025750,0.202223,0.022132
276001.578144,3426.000000,71.295457,0.269707,0.062364
277011.517625,3441.000000,71.637209,0.341752,0.073512
278008.721987,3456.000000,71.894212,0.257003,0.023087
279001.918275,3469.000000,72.127874,0.233662,0.049721
280003.577229,3485.000000,72.367792,0.239918,0.021030
281003.001095,3500.000000,72.598406,0.230614,0.022628
282014.801379,3513.000000,72.826646,0.228240,0.022250
283004.381349,3525.000000,73.047635,0.220989,0.024438
283999.755101,3540.000000,73.336451,0.288816,0.027058
285002.332605,3554.000000,73.580609,0.244158,0.025377
286002.872380,3569.000000,73.820184,0.239575,0.023721
287001.946086,3582.000000,74.051195,0.231011,0.022758
288007.193255,3596.000000,74.308938,0.257743,0.024717
289003.973086,3610.000000,74.544902,0.235964,0.027399
289999.791141,3624.000000,74.782669,0.237767,0.033558
291010.004406,3636.000000,75.012674,0.230005,0.025557
291999.834274,3652.000000,75.293450,0.280776,0.027292
293004.538576,3666.000000,75.544470,0.251020,0.027748
293999.826387,3681.000000,75.801850,0.257380,0.027495
295003.464595,3694.000000,76.034609,0.232759,0.024795
296005.551477,3709.000000,76.282376,0.247767,0.022340
297000.029200,3724.000000,76.562413,0.280037,0.033710
297999.826657,3739.000000,76.835653,0.273240,0.027468
299001.762767,3752.000000,77.082561,0.246908,0.036164
300002.958951,3766.000000,77.307807,0.225246,0.031029
301009.253514,3779.000000,77.512589,0.204782,0.020254
302009.686747,3792.000000,77.734835,0.222246,0.023467
303000.462394,3807.000000,78.959946,1.225111,0.964074
304007.897223,3823.000000,79.235674,0.275728,0.026078
304999.760279,3834.000000,79.453123,0.217449,0.023992
306001.431776,3844.000000,79.650082,0.196959,0.029155
307001.689823,3855.000000,80.315751,0.665669,0.491857
308000.012436,3864.000000,80.476505,0.160754,0.021074
308999.760361,3871.000000,80.599992,0.123487,0.018615
310000.672419,3885.000000,80.839030,0.239038,0.021447
311000.624281,3898.000000,81.045368,0.206338,0.023005
311999.770374,3911.000000,81.252170,0.206802,0.018520
313000.692465,3923.000000,81.445300,0.193130,0.019320
313999.787594,3935.000000,81.689253,0.243953,0.040470
314999.940170,3948.000000,81.949470,0.260217,0.038004
316000.239213,3961.000000,82.311053,0.361583,0.111032
317008.229403,3974.000000,82.570046,0.258993,0.061718
317999.783062,3989.000000,82.909836,0.339790,0.124093
318999.777387,4003.000000,83.344709,0.434873,0.185732
320001.467619,4017.000000,83.623489,0.278780,0.056919
321004.534935,4029.000000,83.878747,0.255258,0.033846
322001.691724,4045.000000,84.166335,0.287588,0.030709
322999.783369,4058.000000,84.391411,0.225076,0.045821
323999.753823,4073.000000,84.645138,0.253727,0.022698
325001.548089,4086.000000,84.896455,0.251317,0.028554
326000.039940,4100.000000,85.183834,0.287379,0.067711
327004.211806,4112.000000,85.371347,0.187513,0.023270
328002.929749,4128.000000,85.625924,0.254577,0.028755
329000.585141,4142.000000,85.865117,0.239193,0.022029
330000.536579,4156.000000,86.110913,0.245796,0.036411
331003.595658,4165.000000,86.310097,0.199184,0.046153
332002.052094,4175.000000,86.479454,0.169357,0.019198
333000.767409,4188.000000,86.692724,0.213270,0.022297
334004.063737,4204.000000,87.069691,0.376967,0.083300
334999.816984,4215.000000,87.235013,0.165322,0.019935
336000.082972,4227.000000,87.448067,0.213054,0.027540
336999.757159,4238.000000,87.652106,0.204039,0.027780
338000.557871,4251.000000,87.927641,0.275535,0.067041
339000.664439,4261.000000,88.479326,0.551685,0.395788
340007.434117,4272.000000,88.844234,0.364908,0.162005
340999.759382,4281.000000,88.987118,0.142884,0.020359
342000.081655,4293.000000,89.190991,0.203873,0.023269
343000.392359,4305.000000,89.389325,0.198334,0.024797
344000.818664,4318.000000,93.388200,3.998875,3.750395
344999.756345,4331.000000,93.582415,0.194215,0.021305
346006.876596,4347.000000,93.879464,0.297049,0.039218
346999.957522,4360.000000,94.094101,0.214637,0.023708
348000.526601,4372.000000,94.325194,0.231093,0.024538
349001.438947,4386.000000,94.551235,0.226041,0.022019
350012.893241,4399.000000,94.824538,0.273303,0.048725
350999.757599,4412.000000,95.038902,0.214364,0.027894
352000.821541,4427.000000,95.273635,0.234733,0.019611
352999.969491,4439.000000,95.453661,0.180026,0.021361
353999.922908,4453.000000,95.697479,0.243818,0.057328
354999.757233,4466.000000,95.900223,0.202744,0.018402
355999.789506,4480.000000,96.106194,0.205971,0.022891
356999.862176,4493.000000,96.314444,0.208250,0.029899
357999.777700,4507.000000,96.540703,0.226259,0.025759
358999.752594,4519.000000,96.744551,0.203848,0.025422
360001.895813,4529.000000,96.941478,0.196927,0.024879
360999.752096,4540.000000,97.136615,0.195137,0.028528
362000.651338,4550.000000,97.321457,0.184842,0.032555
363000.343861,4563.000000,97.550703,0.229246,0.027332
364001.467891,4577.000000,97.774699,0.223996,0.020163
