Time Recorded,Absolute Call Count,Absolute Total Duration,Relative Total Duration,Relative Max Duration
1000.107948,59.000000,0.500184,0.217983,0.024356
2000.004180,79.000000,0.644166,0.143982,0.008142
3000.593609,102.000000,0.822277,0.178111,0.014661
4000.068391,122.000000,0.977803,0.155526,0.014477
5000.000234,123.000000,0.987993,0.010190,0.010190
6000.086428,159.000000,1.254555,0.266562,0.017067
7008.631159,198.000000,1.518413,0.263858,0.008973
8000.078946,234.000000,1.748841,0.230428,0.008163
9000.093757,268.000000,1.974935,0.226094,0.009461
10000.002643,304.000000,2.216615,0.241680,0.009218
11003.272047,348.000000,2.542721,0.326106,0.026511
12000.676006,389.000000,2.833621,0.290900,0.015084
13000.455125,430.000000,3.121941,0.288320,0.010327
14002.559197,462.000000,3.348632,0.226691,0.009419
15000.019982,500.000000,3.613674,0.265042,0.010314
16000.153211,541.000000,3.940446,0.326772,0.021801
17000.039573,582.000000,4.270276,0.329830,0.043024
18000.085847,616.000000,4.519517,0.249241,0.009213
18999.998829,649.000000,4.757362,0.237845,0.010019
20000.345253,680.000000,5.037551,0.280189,0.068123
21000.613655,716.000000,5.308611,0.271060,0.012104
22000.218657,756.000000,5.587353,0.278742,0.009767
23000.555813,798.000000,5.876727,0.289374,0.009057
24000.247724,834.000000,6.140873,0.264146,0.013887
25000.179386,870.000000,6.444395,0.303522,0.052864
25999.998498,906.000000,6.710829,0.266434,0.016222
27000.003673,938.000000,6.945833,0.235004,0.015842
28001.045913,976.000000,7.274095,0.328262,0.060329
29000.183709,1011.000000,7.536915,0.262820,0.018966
30000.005969,1045.000000,7.806828,0.269913,0.024545
31000.236536,1080.000000,8.109088,0.302260,0.060965
32004.587932,1121.000000,8.414619,0.305531,0.014302
33000.385568,1158.000000,8.672645,0.258026,0.008730
34000.259378,1200.000000,8.978267,0.305622,0.016043
35000.032226,1234.000000,9.228231,0.249964,0.016136
36001.636617,1268.000000,9.469042,0.240811,0.009636
37002.359951,1306.000000,9.773058,0.304016,0.030324
38000.948846,1349.000000,10.108379,0.335321,0.020570
39001.654538,1382.000000,10.356983,0.248604,0.015750
40000.001101,1418.000000,10.635617,0.278634,0.031874
41000.019740,1454.000000,10.943385,0.307768,0.050141
42000.038972,1490.000000,11.215849,0.272464,0.016642
43000.426945,1526.000000,11.490688,0.274839,0.024229
43999.997332,1561.000000,11.753868,0.263180,0.017341
45000.141492,1593.000000,12.058866,0.304998,0.051945
46000.003553,1624.000000,12.273658,0.214792,0.009708
47000.296954,1648.000000,12.459298,0.185640,0.017997
48000.082973,1679.000000,12.695830,0.236532,0.019126
49000.006598,1712.000000,12.953166,0.257336,0.032441
50000.131872,1746.000000,13.196862,0.243696,0.008813
51000.032479,1783.000000,13.467777,0.270915,0.011230
52000.142770,1820.000000,13.873501,0.405724,0.106563
53001.472175,1856.000000,14.140812,0.267311,0.025457
54002.292279,1894.000000,14.399439,0.258627,0.008477
55000.026382,1940.000000,14.722198,0.322759,0.015340
56000.088514,1986.000000,15.042550,0.320352,0.009674
57000.000834,2032.000000,15.367515,0.324965,0.009377
58000.003536,2076.000000,15.673255,0.305740,0.009116
59000.035447,2116.000000,15.946744,0.273489,0.008763
60000.172344,2158.000000,16.244811,0.298067,0.009836
61003.890558,2199.000000,16.648139,0.403328,0.058684
62000.006706,2246.000000,17.063856,0.415717,0.053341
63001.272735,2290.000000,17.456505,0.392649,0.058459
64000.284742,2330.000000,17.746753,0.290248,0.014831
65000.463675,2370.000000,18.069536,0.322783,0.053340
66001.205427,2414.000000,18.382278,0.312742,0.009358
67000.003103,2454.000000,19.095061,0.712783,0.443260
68000.458523,2498.000000,19.443623,0.348562,0.041356
69000.371160,2532.000000,19.694052,0.250429,0.010178
70000.125085,2565.000000,19.932348,0.238296,0.011047
71000.207291,2600.000000,20.241546,0.309198,0.060387
72000.003065,2634.000000,20.482199,0.240653,0.009055
73000.017348,2670.000000,20.795505,0.313306,0.065055
74000.461788,2706.000000,21.127873,0.332368,0.063467
75000.001562,2746.000000,21.410755,0.282882,0.014348
75999.999306,2794.000000,21.800566,0.389811,0.044348
77000.219759,2832.000000,22.126594,0.326028,0.067983
78000.036220,2878.000000,22.601768,0.475174,0.134245
78999.998804,2926.000000,22.933750,0.331982,0.014765
80005.694275,2974.000000,23.262684,0.328934,0.008703
81003.858418,3020.000000,23.681170,0.418486,0.069684
81999.994666,3060.000000,24.059590,0.378420,0.101209
83000.452817,3106.000000,24.378423,0.318833,0.010974
84000.120345,3152.000000,24.776228,0.397805,0.070060
85000.217458,3197.000000,25.121745,0.345517,0.030421
86000.180016,3243.000000,25.510372,0.388627,0.063034
87001.504802,3288.000000,25.838304,0.327932,0.014499
88000.001828,3330.000000,26.192989,0.354685,0.068504
89007.334837,3374.000000,26.541158,0.348169,0.047517
90000.001985,3420.000000,26.902836,0.361678,0.039946
91000.123680,3465.000000,27.318415,0.415579,0.095201
92000.926882,3512.000000,27.799789,0.481374,0.080895
93005.883185,3556.000000,28.104868,0.305079,0.010220
94000.818841,3595.000000,28.380507,0.275639,0.009060
95000.006332,3642.000000,28.716479,0.335972,0.012620
95999.999710,3686.000000,29.038890,0.322411,0.024481
97000.529452,3732.000000,29.393720,0.354830,0.042468
97999.999671,3778.000000,29.715423,0.321703,0.016866
99000.002672,3816.000000,30.043252,0.327829,0.053315
100000.002608,3860.000000,30.349523,0.306271,0.010404
101001.920694,3906.000000,30.676358,0.326835,0.014832
102002.974844,3952.000000,31.013352,0.336994,0.019378
103000.639075,4000.000000,31.424179,0.410827,0.061686
104002.207250,4048.000000,31.763944,0.339765,0.009620
105000.870767,4096.000000,32.105767,0.341823,0.009144
106000.085727,4128.000000,32.415546,0.309779,0.073145
107000.200380,4174.000000,32.740334,0.324788,0.008919
107999.998591,4222.000000,33.141100,0.400766,0.070353
109000.000301,4266.000000,33.581677,0.440577,0.071472
110007.079748,4314.000000,33.918366,0.336689,0.009349
111000.070229,4356.000000,34.221608,0.303242,0.011078
112000.039154,4394.000000,34.533549,0.311941,0.020729
113006.070144,4444.000000,34.901727,0.368178,0.012099
114000.024271,4492.000000,35.462815,0.561088,0.076876
115000.003352,4538.000000,35.957366,0.494551,0.070794
115999.998771,4578.000000,36.233176,0.275810,0.009869
117000.055011,4623.000000,36.639385,0.406209,0.070148
118000.059687,4663.000000,37.140984,0.501599,0.077341
119000.169430,4708.000000,37.516525,0.375541,0.072303
120000.023517,4754.000000,37.849483,0.332958,0.009440
121001.176228,4800.000000,38.242083,0.392600,0.076301
122000.794592,4838.000000,38.741858,0.499775,0.075857
123000.389134,4882.000000,39.116173,0.374315,0.052788
124000.343834,4921.000000,39.437203,0.321030,0.027420
125001.078490,4968.000000,39.837241,0.400038,0.072651
126000.414142,5013.000000,40.257199,0.419958,0.074017
127001.821865,5056.000000,40.564265,0.307066,0.010114
128000.033166,5102.000000,40.998070,0.433805,0.070443
128999.998518,5149.000000,41.461722,0.463652,0.085997
130002.585703,5184.000000,41.938043,0.476321,0.076884
131002.715287,5232.000000,42.340772,0.402729,0.071936
132000.074346,5278.000000,42.790898,0.450126,0.075318
133001.759521,5320.000000,43.201780,0.410882,0.071502
134009.416907,5368.000000,43.657660,0.455880,0.073589
135000.005291,5414.000000,44.057516,0.399856,0.082806
135999.994926,5450.000000,44.466353,0.408837,0.076797
137003.340270,5494.000000,44.774720,0.308367,0.009713
138000.135808,5539.000000,45.103424,0.328704,0.011083
139000.184979,5586.000000,45.445592,0.342168,0.009112
139999.999913,5634.000000,45.793418,0.347826,0.009697
141003.456716,5682.000000,46.142733,0.349315,0.010105
142000.198915,5715.000000,46.779273,0.636540,0.087060
143000.010590,5757.000000,47.222639,0.443366,0.078330
144001.205991,5805.000000,47.569696,0.347057,0.010410
145000.389043,5854.000000,48.005167,0.435471,0.084076
146000.026197,5900.000000,48.330512,0.325345,0.011723
147004.448353,5946.000000,48.728539,0.398027,0.080590
148000.229696,5980.000000,49.260534,0.531995,0.080813
149002.267458,6025.000000,49.753689,0.493155,0.080865
150000.001828,6070.000000,50.132194,0.378505,0.081024
151000.023404,6118.000000,50.539239,0.407045,0.078882
152001.362758,6164.000000,51.078563,0.539324,0.079867
153002.021591,6206.000000,51.611945,0.533382,0.085397
153999.998013,6234.000000,52.002619,0.390674,0.085652
155000.053357,6277.000000,52.375701,0.373082,0.080661
156009.528466,6324.000000,52.778586,0.402885,0.077543
157000.331784,6370.000000,53.093327,0.314741,0.008897
158000.047926,6414.000000,53.500844,0.407517,0.082795
159000.003120,6455.000000,53.790539,0.289695,0.009487
160000.001993,6492.000000,54.259866,0.469327,0.167650
161000.006577,6540.000000,54.616544,0.356678,0.014071
162000.012610,6586.000000,54.955116,0.338572,0.018559
163000.002217,6632.000000,55.489875,0.534759,0.160945
164000.037511,6680.000000,55.955633,0.465758,0.079794
165000.161629,6724.000000,56.284181,0.328548,0.021675
166000.034261,6752.000000,56.592656,0.308475,0.074810
167003.206891,6798.000000,57.117510,0.524854,0.081660
168000.039502,6846.000000,57.468928,0.351418,0.009697
169001.040023,6892.000000,58.007163,0.538235,0.079487
170002.031498,6937.000000,58.412857,0.405694,0.080387
171000.047707,6986.000000,59.025644,0.612787,0.123801
172002.352842,7024.000000,59.320934,0.295290,0.009467
173006.251299,7073.000000,59.872250,0.551316,0.105683
174000.105191,7118.000000,60.331454,0.459204,0.081381
175006.450125,7162.000000,60.810661,0.479207,0.081755
175999.998472,7208.000000,61.341008,0.530347,0.132280
177000.120445,7254.000000,61.992689,0.651681,0.249411
178000.005477,7288.000000,62.622875,0.630186,0.092421
179000.206659,7332.000000,62.942233,0.319358,0.009381
180009.985844,7374.000000,63.635073,0.692840,0.263534
181000.008563,7408.000000,63.947510,0.312437,0.078720
182000.023469,7446.000000,64.371504,0.423994,0.089375
183000.416664,7486.000000,64.663025,0.291521,0.009029
184001.164583,7510.000000,64.931216,0.268191,0.084167
185000.000959,7544.000000,65.178137,0.246921,0.009027
186012.535172,7579.000000,65.504425,0.326288,0.081190
187003.161292,7616.000000,65.856350,0.351925,0.081703
188000.000179,7656.000000,66.229612,0.373262,0.087715
189000.004594,7694.000000,66.584062,0.354450,0.081172
190001.284248,7724.000000,66.861622,0.277560,0.043709
191000.002195,7756.000000,67.194609,0.332987,0.090799
192000.013852,7790.000000,67.424958,0.230349,0.008967
193002.543930,7830.000000,67.761908,0.336950,0.055911
193999.999104,7864.000000,68.076500,0.314592,0.081857
195000.026435,7912.000000,68.429832,0.353332,0.017513
196000.240756,7946.000000,68.697476,0.267644,0.009262
197006.024839,7988.000000,68.997206,0.299730,0.010183
198000.554639,8032.000000,69.310200,0.312994,0.009334
199000.130492,8081.000000,69.663894,0.353694,0.009145
200000.841553,8131.000000,70.047464,0.383570,0.021058
201000.002714,8178.000000,70.515086,0.467622,0.141549
202001.250403,8209.000000,71.046939,0.531853,0.119545
203000.039614,8254.000000,71.632179,0.585240,0.091967
204000.205497,8298.000000,72.103234,0.471055,0.085520
205009.922915,8340.000000,72.560511,0.457277,0.083774
206000.132379,8387.000000,73.088414,0.527903,0.112520
207000.623860,8425.000000,73.596726,0.508312,0.087513
208005.204289,8462.000000,74.027280,0.430554,0.080829
209002.627006,8508.000000,74.438210,0.410930,0.081952
210005.293726,8557.000000,74.827664,0.389454,0.018328
211000.334579,8607.000000,75.262194,0.434530,0.086370
212000.865263,8655.000000,75.609645,0.347451,0.010420
213006.518650,8696.000000,76.206495,0.596850,0.088185
214003.322600,8732.000000,76.552963,0.346468,0.077368
215000.107388,8776.000000,76.961634,0.408671,0.085994
216000.038215,8822.000000,77.371072,0.409438,0.088134
217002.128480,8868.000000,77.995088,0.624016,0.089524
218000.694135,8907.000000,78.269580,0.274492,0.009996
219000.025062,8952.000000,78.825149,0.555569,0.094924
220000.136128,8990.000000,79.346256,0.521107,0.157436
221000.027512,9038.000000,79.833083,0.486827,0.089997
222006.523085,9088.000000,80.185051,0.351968,0.009882
223000.166881,9130.000000,80.561921,0.376870,0.078495
224000.030457,9176.000000,80.963925,0.402004,0.084643
225005.322146,9220.000000,81.441789,0.477864,0.175492
226000.047049,9256.000000,82.039026,0.597237,0.091811
227000.263372,9301.000000,82.486387,0.447361,0.082708
228000.024042,9344.000000,82.939431,0.453044,0.085584
229005.534045,9382.000000,83.368879,0.429448,0.087425
230000.003251,9427.000000,83.953272,0.584393,0.108682
231003.563173,9472.000000,84.378183,0.424911,0.093302
232001.184472,9508.000000,84.993592,0.615409,0.149325
232999.983055,9555.000000,85.797386,0.803794,0.089881
234006.320425,9598.000000,86.094923,0.297537,0.009196
235011.043694,9644.000000,86.417389,0.322466,0.016006
236000.034766,9688.000000,86.960330,0.542941,0.093594
237003.726144,9732.000000,87.282346,0.322016,0.009778
238000.012365,9768.000000,87.564240,0.281894,0.009519
239002.594995,9809.000000,87.857879,0.293639,0.009291
240011.050800,9854.000000,88.177541,0.319662,0.009168
241006.277297,9908.000000,88.570663,0.393122,0.015454
242006.113933,9953.000000,88.896488,0.325825,0.013721
243000.457908,9997.000000,89.216139,0.319651,0.011331
244000.071173,10034.000000,89.601310,0.385171,0.092241
245000.149355,10078.000000,90.082637,0.481327,0.089809
246000.005922,10124.000000,90.421838,0.339201,0.020561
247000.199438,10170.000000,90.751170,0.329332,0.009711
248000.032796,10214.000000,91.182698,0.431528,0.127258
249001.538350,10260.000000,91.667153,0.484455,0.094351
250004.318281,10290.000000,91.958665,0.291512,0.058425
250999.999649,10338.000000,92.484720,0.526055,0.116905
252000.795553,10384.000000,92.949865,0.465145,0.097029
253000.142450,10430.000000,93.361126,0.411261,0.092631
254003.310338,10476.000000,93.861943,0.500817,0.087978
255000.224011,10516.000000,94.364271,0.502328,0.096841
256001.076093,10548.000000,94.775010,0.410739,0.090961
257000.153121,10596.000000,95.277555,0.502545,0.093090
258001.532262,10642.000000,95.760695,0.483140,0.087616
259001.360163,10690.000000,96.177771,0.417076,0.091162
260000.008821,10734.000000,96.644646,0.466875,0.086531
261004.655843,10776.000000,97.188389,0.543743,0.090632
262002.592314,10808.000000,97.684736,0.496347,0.093071
263002.003398,10854.000000,98.091429,0.406693,0.095928
264000.001200,10900.000000,98.586415,0.494986,0.096269
265000.484259,10944.000000,99.093972,0.507557,0.095152
266000.057125,10986.000000,99.950166,0.856194,0.148674
267000.003403,11034.000000,100.897189,0.947023,0.092904
268005.508357,11070.000000,101.617345,0.720156,0.120078
268999.999936,11116.000000,102.033939,0.416594,0.087397
270000.179179,11160.000000,102.495869,0.461930,0.085874
271001.295542,11204.000000,102.890744,0.394875,0.090064
272000.053410,11250.000000,103.318849,0.428105,0.105918
272999.985065,11296.000000,103.870096,0.551247,0.092421
274000.000241,11330.000000,104.294429,0.424333,0.085558
274999.999624,11374.000000,104.709474,0.415045,0.094738
276000.926403,11420.000000,105.295452,0.585978,0.091867
277003.776368,11468.000000,105.687005,0.391553,0.047809
278000.000277,11512.000000,106.210495,0.523490,0.099372
279001.040882,11560.000000,106.633892,0.423397,0.090298
280001.910165,11597.000000,107.004312,0.370420,0.089185
281002.404987,11644.000000,107.348935,0.344623,0.009409
282003.980440,11694.000000,107.878109,0.529174,0.093753
283000.557098,11734.000000,108.314705,0.436596,0.154859
284000.205242,11784.000000,108.868209,0.553504,0.158009
285000.437050,11834.000000,109.394438,0.526229,0.092237
285999.999030,11874.000000,109.875456,0.481018,0.094363
287001.239878,11922.000000,110.219475,0.344019,0.011865
288000.015790,11967.000000,110.625490,0.406015,0.089322
289003.060441,12012.000000,111.308764,0.683274,0.118176
290000.013885,12058.000000,111.707675,0.398911,0.084816
291000.001567,12100.000000,112.099505,0.391830,0.095850
292000.131518,12137.000000,112.577128,0.477623,0.094399
293008.764887,12182.000000,113.079656,0.502528,0.095737
294000.116640,12225.000000,113.631941,0.552285,0.162912
295000.158906,12270.000000,114.028333,0.396392,0.087574
295999.999151,12317.000000,114.541477,0.513144,0.096357
297000.093105,12360.000000,115.063598,0.522121,0.092630
298001.163814,12397.000000,115.691122,0.627524,0.095534
299000.960420,12446.000000,116.121713,0.430591,0.088817
300000.003094,12490.000000,116.447399,0.325686,0.010943
301000.131662,12541.000000,116.910760,0.463361,0.088571
302004.302521,12584.000000,117.216426,0.305666,0.009650
303000.434774,12628.000000,117.604982,0.388556,0.050065
304000.068558,12662.000000,117.951706,0.346724,0.089348
305000.228461,12698.000000,118.309243,0.357537,0.088792
306000.142816,12738.000000,118.617282,0.308039,0.010479
307000.894805,12776.000000,118.915370,0.298088,0.015350
308000.196689,12810.000000,119.176537,0.261167,0.011698
309000.150371,12840.000000,119.488264,0.311727,0.089799
310002.060780,12872.000000,119.859190,0.370926,0.107539
311000.927343,12923.000000,120.233791,0.374601,0.009441
312000.266169,12965.000000,120.621435,0.387644,0.090439
313000.414072,13007.000000,120.972524,0.351089,0.038920
314008.239345,13048.000000,121.369792,0.397268,0.109945
315000.002710,13090.000000,121.858306,0.488514,0.092661
316000.097786,13118.000000,122.178702,0.320396,0.103587
317000.001748,13170.000000,122.835532,0.656830,0.097110
318001.797101,13218.000000,123.272750,0.437218,0.100848
319000.059629,13264.000000,123.600492,0.327742,0.009503
320000.003107,13306.000000,123.893035,0.292543,0.008877
321009.062111,13344.000000,124.249992,0.356957,0.093328
322000.916160,13384.000000,124.672998,0.423006,0.119164
323000.007088,13434.000000,125.225008,0.552010,0.128980
324001.500013,13479.000000,125.625374,0.400366,0.056601
324999.997885,13526.000000,126.061817,0.436443,0.086862
326000.001641,13567.000000,126.616357,0.554540,0.098200
327003.397122,13610.000000,127.183928,0.567571,0.093746
328001.100481,13648.000000,127.703055,0.519127,0.134233
329001.629521,13694.000000,128.206689,0.503634,0.094059
330001.782428,13741.000000,128.923642,0.716953,0.095264
331001.082449,13780.000000,129.305188,0.381546,0.089028
332000.978825,13818.000000,129.666794,0.361606,0.084441
333002.426768,13861.000000,130.215743,0.548949,0.149501
334001.236914,13897.000000,130.499886,0.284143,0.009840
335000.122984,13936.000000,130.866606,0.366720,0.086801
336000.125676,13975.000000,131.453761,0.587155,0.168868
337000.396523,14018.000000,131.849993,0.396232,0.084648
338000.414859,14064.000000,132.268115,0.418122,0.085316
339002.424195,14104.000000,132.707822,0.439707,0.089582
340003.746580,14126.000000,133.219312,0.511490,0.093296
341000.209626,14160.000000,133.642512,0.423200,0.095138
342000.169581,14202.000000,134.153857,0.511345,0.091790
343000.009162,14242.000000,134.727398,0.573541,0.104267
344000.838705,14288.000000,135.326299,0.598901,0.121486
345000.004006,14334.000000,135.670239,0.343940,0.015490
346000.000954,14371.000000,136.043428,0.373189,0.089885
346999.998870,14416.000000,136.520367,0.476939,0.088656
348001.479442,14454.000000,136.875439,0.355072,0.098708
349000.826243,14498.000000,137.272355,0.396916,0.091430
350003.299233,14544.000000,137.817466,0.545111,0.095332
351000.002099,14593.000000,138.252316,0.434850,0.092204
351999.999872,14630.000000,138.532064,0.279748,0.009293
353000.001410,14672.000000,138.907518,0.375454,0.086149
354000.056237,14716.000000,139.292191,0.384673,0.080199
355003.568789,14759.000000,139.832680,0.540489,0.091672
356001.511470,14804.000000,140.177440,0.344760,0.024819
357000.001150,14848.000000,140.662374,0.484934,0.090858
358000.058474,14886.000000,141.096912,0.434538,0.089531
359000.095337,14925.000000,141.574474,0.477562,0.090154
360000.004074,14964.000000,141.872090,0.297616,0.010709
361000.162787,15002.000000,142.322738,0.450648,0.091497
362001.876843,15042.000000,142.798798,0.476060,0.095374
363000.443900,15086.000000,143.122145,0.323347,0.009927
364000.701598,15119.000000,143.469277,0.347132,0.092997
