Time Recorded,Absolute Call Count,Absolute Total Duration,Relative Total Duration,Relative Max Duration
1000.107948,59.000000,0.828980,0.341917,0.019302
2000.004180,79.000000,1.082718,0.253738,0.024086
3000.593609,102.000000,1.392710,0.309992,0.042299
4000.068391,122.000000,1.632813,0.240103,0.022157
5000.000234,123.000000,1.655552,0.022739,0.022739
6000.086428,159.000000,2.068412,0.412860,0.017226
7008.631159,198.000000,2.509352,0.440940,0.048111
8000.078946,234.000000,2.890610,0.381258,0.018478
9000.093757,268.000000,3.236446,0.345836,0.014547
10000.002643,304.000000,3.648086,0.411640,0.057992
11003.272047,348.000000,4.082043,0.433957,0.023422
12000.676006,389.000000,4.495027,0.412984,0.013480
13000.455125,430.000000,4.880792,0.385765,0.021768
14002.559197,462.000000,5.264284,0.383492,0.050971
15000.019982,500.000000,5.658849,0.394565,0.027963
16000.153211,541.000000,6.047852,0.389003,0.016444
17000.039573,582.000000,6.480724,0.432872,0.031300
18000.085847,616.000000,6.933620,0.452896,0.110713
18999.998829,649.000000,7.308721,0.375101,0.036922
20000.345253,680.000000,7.748847,0.440126,0.091444
21000.613655,716.000000,8.129628,0.380781,0.020163
22000.218657,756.000000,8.566654,0.437026,0.034208
23000.555813,798.000000,8.997518,0.430864,0.014209
24000.247724,834.000000,9.369531,0.372013,0.026526
25000.179386,870.000000,9.752011,0.382480,0.031433
25999.998498,906.000000,11.157228,1.405217,1.015392
27000.003673,938.000000,11.526003,0.368775,0.039026
28001.045913,976.000000,11.965809,0.439806,0.033593
29000.183709,1011.000000,12.322212,0.356403,0.015308
30000.005969,1045.000000,12.672411,0.350199,0.019540
31000.236536,1080.000000,13.079105,0.406694,0.030630
32004.587932,1121.000000,13.499406,0.420301,0.021390
33000.385568,1158.000000,13.874577,0.375171,0.016617
34000.259378,1200.000000,15.659363,1.784786,1.380244
35000.032226,1234.000000,15.983582,0.324219,0.018076
36001.636617,1268.000000,16.339634,0.356052,0.015689
37002.359951,1306.000000,16.743627,0.403993,0.016441
38000.948846,1349.000000,17.166115,0.422488,0.018388
39001.654538,1382.000000,17.501399,0.335284,0.020852
40000.001101,1418.000000,17.860849,0.359450,0.016790
41000.019740,1454.000000,18.196834,0.335985,0.012115
42000.038972,1490.000000,18.572314,0.375480,0.018366
43000.426945,1526.000000,18.921857,0.349543,0.016034
43999.997332,1561.000000,19.283709,0.361852,0.020531
45000.141492,1593.000000,19.600523,0.316814,0.013365
46000.003553,1624.000000,19.893209,0.292686,0.013492
47000.296954,1648.000000,20.128861,0.235652,0.013426
48000.082973,1679.000000,20.485629,0.356768,0.027954
49000.006598,1712.000000,20.800997,0.315368,0.013439
50000.131872,1746.000000,21.238832,0.437835,0.100269
51000.032479,1783.000000,21.689472,0.450640,0.067287
52000.142770,1820.000000,22.137573,0.448101,0.089613
53001.472175,1856.000000,22.488152,0.350579,0.015118
54002.292279,1894.000000,22.852768,0.364616,0.018653
55000.026382,1940.000000,23.364098,0.511330,0.051601
56000.088514,1986.000000,23.811038,0.446940,0.026590
57000.000834,2032.000000,24.298635,0.487597,0.046784
58000.003536,2076.000000,24.835630,0.536995,0.105232
59000.035447,2116.000000,25.237178,0.401548,0.044454
60000.172344,2158.000000,25.721680,0.484502,0.075159
61003.890558,2199.000000,26.125138,0.403458,0.021469
62000.006706,2246.000000,26.553714,0.428576,0.014576
63001.272735,2290.000000,26.960448,0.406734,0.016221
64000.284742,2330.000000,27.339973,0.379525,0.017388
65000.463675,2370.000000,27.724051,0.384078,0.033379
66001.205427,2414.000000,28.105461,0.381410,0.014739
67000.003103,2454.000000,28.493947,0.388486,0.013301
68000.458523,2498.000000,28.916620,0.422673,0.022529
69000.371160,2532.000000,29.318253,0.401633,0.068724
70000.125085,2565.000000,29.624125,0.305872,0.015835
71000.207291,2600.000000,29.936630,0.312505,0.014132
72000.003065,2634.000000,30.222372,0.285742,0.011743
73000.017348,2670.000000,30.541747,0.319375,0.014084
74000.461788,2706.000000,30.880054,0.338307,0.017392
75000.001562,2746.000000,31.280038,0.399984,0.062097
75999.999306,2794.000000,31.800600,0.520562,0.072378
77000.219759,2832.000000,32.183543,0.382943,0.028842
78000.036220,2878.000000,32.956516,0.772973,0.281659
78999.998804,2926.000000,33.449876,0.493360,0.064918
80005.694275,2974.000000,33.873238,0.423362,0.013504
81003.858418,3020.000000,34.261641,0.388403,0.013208
81999.994666,3060.000000,34.645075,0.383434,0.028552
83000.452817,3106.000000,35.101428,0.456353,0.057941
84000.120345,3152.000000,35.554538,0.453110,0.052828
85000.217458,3197.000000,36.113853,0.559315,0.154399
86000.180016,3243.000000,36.536716,0.422863,0.013060
87001.504802,3288.000000,37.017264,0.480548,0.073728
88000.001828,3330.000000,37.395453,0.378189,0.013376
89007.334837,3374.000000,37.883105,0.487652,0.075945
90000.001985,3420.000000,38.294340,0.411235,0.026575
91000.123680,3465.000000,38.747171,0.452831,0.032677
92000.926882,3512.000000,39.179725,0.432554,0.013804
93005.883185,3556.000000,39.666710,0.486985,0.088227
94000.818841,3595.000000,40.039601,0.372891,0.015293
95000.006332,3642.000000,40.463616,0.424015,0.014999
95999.999710,3686.000000,40.906136,0.442520,0.027476
97000.529452,3732.000000,41.384420,0.478284,0.029178
97999.999671,3778.000000,41.837613,0.453193,0.077295
99000.002672,3816.000000,42.223891,0.386278,0.076900
100000.002608,3860.000000,42.633046,0.409155,0.014830
101001.920694,3906.000000,43.093540,0.460494,0.080136
102002.974844,3952.000000,43.562660,0.469120,0.083208
103000.639075,4000.000000,44.441300,0.878640,0.079396
104002.207250,4048.000000,45.316473,0.875173,0.077940
105000.870767,4096.000000,46.019742,0.703269,0.080974
106000.085727,4128.000000,46.499543,0.479801,0.074980
107000.200380,4174.000000,47.169248,0.669705,0.086567
107999.998591,4222.000000,47.805309,0.636061,0.102945
109000.000301,4266.000000,48.176841,0.371532,0.016062
110007.079748,4314.000000,48.640764,0.463923,0.071751
111000.070229,4356.000000,49.051563,0.410799,0.070290
112000.039154,4394.000000,49.581031,0.529468,0.080706
113006.070144,4444.000000,50.292023,0.710992,0.083107
114000.024271,4492.000000,50.777804,0.485781,0.082675
115000.003352,4538.000000,51.232673,0.454869,0.078119
115999.998771,4578.000000,51.638235,0.405562,0.084774
117000.055011,4623.000000,52.124630,0.486395,0.079477
118000.059687,4663.000000,52.711382,0.586752,0.080905
119000.169430,4708.000000,53.183489,0.472107,0.079286
120000.023517,4754.000000,53.737262,0.553773,0.083423
121001.176228,4800.000000,54.210620,0.473358,0.079327
122000.794592,4838.000000,54.561639,0.351019,0.013684
123000.389134,4882.000000,54.932494,0.370855,0.012988
124000.343834,4921.000000,55.289313,0.356819,0.017849
125001.078490,4968.000000,55.690653,0.401340,0.012858
126000.414142,5013.000000,56.109904,0.419251,0.024021
127001.821865,5056.000000,56.451621,0.341717,0.012193
128000.033166,5102.000000,57.087805,0.636184,0.107232
128999.998518,5149.000000,57.490753,0.402948,0.012246
130002.585703,5184.000000,57.867182,0.376429,0.071263
131002.715287,5232.000000,58.337257,0.470075,0.084903
132000.074346,5278.000000,58.878760,0.541503,0.084239
133001.759521,5320.000000,59.235922,0.357162,0.012262
134009.416907,5368.000000,59.626223,0.390301,0.012019
135000.005291,5414.000000,60.008010,0.381787,0.012411
135999.994926,5450.000000,60.360830,0.352820,0.034490
137003.340270,5494.000000,60.868285,0.507455,0.082174
138000.135808,5539.000000,61.231325,0.363040,0.013375
139000.184979,5586.000000,61.652257,0.420932,0.013321
139999.999913,5634.000000,62.070180,0.417923,0.022752
141003.456716,5682.000000,62.549856,0.479676,0.076270
142000.198915,5715.000000,62.870884,0.321028,0.013862
143000.010590,5757.000000,63.260308,0.389424,0.034909
144001.205991,5805.000000,63.960698,0.700390,0.091543
145000.389043,5854.000000,64.529165,0.568467,0.095903
146000.026197,5900.000000,65.018865,0.489700,0.078117
147004.448353,5946.000000,65.718760,0.699895,0.320725
148000.229696,5980.000000,66.137969,0.419209,0.077828
149002.267458,6025.000000,66.521654,0.383685,0.023054
150000.001828,6070.000000,67.037912,0.516258,0.083923
151000.023404,6118.000000,67.513539,0.475627,0.078682
152001.362758,6164.000000,68.127673,0.614134,0.230135
153002.021591,6206.000000,68.553141,0.425468,0.023880
153999.998013,6234.000000,68.878050,0.324909,0.080489
155000.053357,6277.000000,69.285345,0.407295,0.063895
156009.528466,6324.000000,69.796429,0.511084,0.104311
157000.331784,6370.000000,70.205317,0.408888,0.012759
158000.047926,6414.000000,70.574416,0.369099,0.012558
159000.003120,6455.000000,70.927172,0.352756,0.013094
160000.001993,6492.000000,71.293733,0.366561,0.014278
161000.006577,6540.000000,71.696157,0.402424,0.014287
162000.012610,6586.000000,72.075865,0.379708,0.013587
163000.002217,6632.000000,72.653843,0.577978,0.083589
164000.037511,6680.000000,73.181696,0.527853,0.081115
165000.161629,6724.000000,73.723940,0.542244,0.103876
166000.034261,6752.000000,73.995860,0.271920,0.012984
167003.206891,6798.000000,74.490054,0.494194,0.084146
168000.039502,6846.000000,74.911455,0.421401,0.019792
169001.040023,6892.000000,75.480742,0.569287,0.086755
170002.031498,6937.000000,75.868215,0.387473,0.018258
171000.047707,6986.000000,76.353869,0.485654,0.082650
172002.352842,7024.000000,76.857667,0.503798,0.089193
173006.251299,7073.000000,77.442533,0.584866,0.091392
174000.105191,7118.000000,78.067074,0.624541,0.100436
175006.450125,7162.000000,78.578460,0.511386,0.135959
175999.998472,7208.000000,79.064214,0.485754,0.087644
177000.120445,7254.000000,79.572575,0.508361,0.086771
178000.005477,7288.000000,79.946029,0.373454,0.063910
179000.206659,7332.000000,80.299588,0.353559,0.009372
180009.985844,7374.000000,80.923624,0.624036,0.084670
181000.008563,7408.000000,81.278413,0.354789,0.079127
182000.023469,7446.000000,81.615192,0.336779,0.020184
183000.416664,7486.000000,81.969472,0.354280,0.019492
184001.164583,7510.000000,82.482306,0.512834,0.134803
185000.000959,7544.000000,82.836833,0.354527,0.081572
186012.535172,7579.000000,83.280811,0.443978,0.161222
187003.161292,7616.000000,83.865041,0.584230,0.100192
188000.000179,7656.000000,84.189700,0.324659,0.012905
189000.004594,7694.000000,84.702613,0.512913,0.083681
190001.284248,7724.000000,85.047946,0.345333,0.090757
191000.002195,7756.000000,85.479241,0.431295,0.088288
192000.013852,7790.000000,85.757878,0.278637,0.016622
193002.543930,7830.000000,86.080415,0.322537,0.012271
193999.999104,7864.000000,86.535067,0.454652,0.090853
195000.026435,7912.000000,86.994808,0.459741,0.083240
196000.240756,7946.000000,87.522895,0.528087,0.084047
197006.024839,7988.000000,88.212021,0.689126,0.095319
198000.554639,8032.000000,88.673272,0.461251,0.085881
199000.130492,8081.000000,89.098545,0.425273,0.014303
200000.841553,8131.000000,89.552368,0.453823,0.034992
201000.002714,8178.000000,89.951314,0.398946,0.012591
202001.250403,8209.000000,90.344069,0.392755,0.086655
203000.039614,8254.000000,90.801383,0.457314,0.090090
204000.205497,8298.000000,91.417005,0.615622,0.094638
205009.922915,8340.000000,92.041614,0.624609,0.095802
206000.132379,8387.000000,92.560553,0.518939,0.089024
207000.623860,8425.000000,92.957565,0.397012,0.087976
208005.204289,8462.000000,93.380321,0.422756,0.088898
209002.627006,8508.000000,93.856202,0.475881,0.087514
210005.293726,8557.000000,94.315626,0.459424,0.030419
211000.334579,8607.000000,95.033543,0.717917,0.093884
212000.865263,8655.000000,95.441844,0.408301,0.013274
213006.518650,8696.000000,95.916264,0.474420,0.087580
214003.322600,8732.000000,96.475248,0.558984,0.099500
215000.107388,8776.000000,98.655092,2.179844,1.473735
216000.038215,8822.000000,99.070866,0.415774,0.014801
217002.128480,8868.000000,99.495140,0.424274,0.027247
218000.694135,8907.000000,100.095482,0.600342,0.269124
219000.025062,8952.000000,100.497438,0.401956,0.018208
220000.136128,8990.000000,100.931253,0.433815,0.085353
221000.027512,9038.000000,101.408067,0.476814,0.053295
222006.523085,9088.000000,101.820741,0.412674,0.012922
223000.166881,9130.000000,102.188865,0.368124,0.024682
224000.030457,9176.000000,102.675607,0.486742,0.087605
225005.322146,9220.000000,103.058421,0.382814,0.012516
226000.047049,9256.000000,103.530066,0.471645,0.105318
227000.263372,9301.000000,104.008907,0.478841,0.087223
228000.024042,9344.000000,104.424486,0.415579,0.024507
229005.534045,9382.000000,104.771979,0.347493,0.013684
230000.003251,9427.000000,105.152158,0.380179,0.013666
231003.563173,9472.000000,105.643480,0.491322,0.092332
232001.184472,9508.000000,105.999524,0.356044,0.049415
232999.983055,9555.000000,106.566314,0.566790,0.096217
234006.320425,9598.000000,106.904770,0.338456,0.013313
235011.043694,9644.000000,107.531187,0.626417,0.263719
236000.034766,9688.000000,107.940694,0.409507,0.017958
237003.726144,9732.000000,108.493276,0.552582,0.089210
238000.012365,9768.000000,108.841116,0.347840,0.013816
239002.594995,9809.000000,109.208282,0.367166,0.013039
240011.050800,9854.000000,109.668817,0.460535,0.086797
241006.277297,9908.000000,110.255782,0.586965,0.089313
242006.113933,9953.000000,110.809504,0.553722,0.092149
243000.457908,9997.000000,111.276020,0.466516,0.091877
244000.071173,10034.000000,111.633673,0.357653,0.029198
245000.149355,10078.000000,112.038921,0.405248,0.044408
246000.005922,10124.000000,112.597086,0.558165,0.094477
247000.199438,10170.000000,113.036218,0.439132,0.045215
248000.032796,10214.000000,113.461203,0.424985,0.054278
249001.538350,10260.000000,113.987217,0.526014,0.088958
250004.318281,10290.000000,114.422226,0.435009,0.092952
250999.999649,10338.000000,114.841558,0.419332,0.012846
252000.795553,10384.000000,115.286606,0.445048,0.051147
253000.142450,10430.000000,115.724454,0.437848,0.032128
254003.310338,10476.000000,116.182939,0.458485,0.052748
255000.224011,10516.000000,116.619448,0.436509,0.072832
256001.076093,10548.000000,116.953496,0.334048,0.037456
257000.153121,10596.000000,117.363837,0.410341,0.012730
258001.532262,10642.000000,117.767281,0.403444,0.017241
259001.360163,10690.000000,118.182042,0.414761,0.017140
260000.008821,10734.000000,118.566813,0.384771,0.013283
261004.655843,10776.000000,118.948033,0.381220,0.013514
262002.592314,10808.000000,119.255824,0.307791,0.015066
263002.003398,10854.000000,119.797355,0.541531,0.104540
264000.001200,10900.000000,120.227511,0.430156,0.024996
265000.484259,10944.000000,120.625953,0.398442,0.012316
266000.057125,10986.000000,121.000532,0.374579,0.014405
267000.003403,11034.000000,121.487373,0.486841,0.087045
268005.508357,11070.000000,121.906544,0.419171,0.093234
268999.999936,11116.000000,122.470279,0.563735,0.097708
270000.179179,11160.000000,122.951484,0.481205,0.092662
271001.295542,11204.000000,123.349537,0.398053,0.021033
272000.053410,11250.000000,123.747784,0.398247,0.012865
272999.985065,11295.000000,124.143603,0.395819,0.013312
274000.000241,11330.000000,124.481095,0.337492,0.017350
274999.999624,11374.000000,124.869608,0.388513,0.013599
276000.926403,11420.000000,125.269313,0.399705,0.012708
277003.776368,11468.000000,125.848844,0.579531,0.086166
278000.000277,11512.000000,126.266074,0.417230,0.020548
279001.040882,11560.000000,126.795857,0.529783,0.127282
280001.910165,11597.000000,127.300165,0.504308,0.094524
281002.404987,11644.000000,127.922914,0.622749,0.191988
282003.980440,11694.000000,128.562131,0.639217,0.139286
283000.557098,11734.000000,128.915599,0.353468,0.019234
284000.205242,11784.000000,129.393691,0.478092,0.049518
285000.437050,11834.000000,129.821871,0.428180,0.030280
285999.999030,11874.000000,130.185044,0.363173,0.015677
287001.239878,11922.000000,130.690038,0.504994,0.093567
288000.015790,11967.000000,131.210337,0.520299,0.141425
289003.060441,12012.000000,131.886281,0.675944,0.107932
290000.013885,12058.000000,132.529353,0.643072,0.096219
291000.001567,12100.000000,132.980523,0.451170,0.101323
292000.131518,12137.000000,133.501169,0.520646,0.091476
293008.764887,12182.000000,133.889535,0.388366,0.012729
294000.116640,12225.000000,134.385625,0.496090,0.096764
295000.158906,12270.000000,134.775909,0.390284,0.017792
295999.999151,12317.000000,135.232852,0.456943,0.036907
297000.093105,12360.000000,135.623343,0.390491,0.018791
298001.163814,12397.000000,136.198079,0.574736,0.139403
299000.960420,12446.000000,136.697884,0.499805,0.095451
300000.003094,12490.000000,137.257792,0.559908,0.099295
301000.131662,12541.000000,137.945749,0.687957,0.238044
302004.302521,12584.000000,138.344528,0.398779,0.013579
303000.434774,12628.000000,138.838867,0.494339,0.093042
304000.068558,12662.000000,139.302404,0.463537,0.095081
305000.228461,12698.000000,139.680833,0.378429,0.088849
306000.142816,12738.000000,140.005433,0.324600,0.012120
307000.894805,12776.000000,140.349262,0.343829,0.019393
308000.196689,12810.000000,140.712090,0.362828,0.068683
309000.150371,12840.000000,140.977619,0.265529,0.016715
310002.060780,12872.000000,141.369569,0.391950,0.104442
311000.927343,12923.000000,141.780182,0.410613,0.011341
312000.266169,12965.000000,142.159950,0.379768,0.012686
313000.414072,13007.000000,142.599350,0.439400,0.105724
314008.239345,13048.000000,143.127469,0.528119,0.088181
315000.002710,13090.000000,143.684850,0.557381,0.134883
316000.097786,13118.000000,144.171474,0.486624,0.101369
317000.001748,13170.000000,144.690114,0.518640,0.068236
318001.797101,13218.000000,145.266172,0.576058,0.097512
319000.059629,13264.000000,145.924002,0.657830,0.104930
320000.003107,13306.000000,146.691775,0.767773,0.140429
321009.062111,13344.000000,147.385127,0.693352,0.106920
322000.916160,13384.000000,147.976877,0.591750,0.096272
323000.007088,13434.000000,148.510233,0.533356,0.093443
324001.500013,13479.000000,149.354107,0.843874,0.105554
324999.997885,13526.000000,149.942638,0.588531,0.097635
326000.001641,13567.000000,150.325039,0.382401,0.022813
327003.397122,13610.000000,150.932221,0.607182,0.133924
328001.100481,13648.000000,151.561797,0.629576,0.107792
329001.629521,13694.000000,151.964094,0.402297,0.015939
330001.782428,13741.000000,152.480155,0.516061,0.097907
331001.082449,13780.000000,152.823383,0.343228,0.044112
332000.978825,13818.000000,153.235598,0.412215,0.104400
333002.426768,13861.000000,153.610952,0.375354,0.015679
334001.236914,13897.000000,153.917036,0.306084,0.011680
335000.122984,13936.000000,154.337222,0.420186,0.091959
336000.125676,13975.000000,154.674442,0.337220,0.012974
337000.396523,14018.000000,155.036478,0.362036,0.013859
338000.414859,14064.000000,155.488540,0.452062,0.090671
339002.424195,14104.000000,155.867169,0.378629,0.037450
340003.746580,14126.000000,156.126605,0.259436,0.034382
341000.209626,14160.000000,156.544653,0.418048,0.140594
342000.169581,14202.000000,156.939770,0.395117,0.028538
343000.009162,14242.000000,157.387339,0.447569,0.091890
344000.838705,14288.000000,157.821019,0.433680,0.029459
345000.004006,14334.000000,158.222612,0.401593,0.013724
346000.000954,14371.000000,158.594571,0.371959,0.013651
346999.998870,14416.000000,159.179726,0.585155,0.099100
348001.479442,14454.000000,159.682665,0.502939,0.098114
349000.826243,14498.000000,160.139813,0.457148,0.098874
350003.299233,14544.000000,160.578669,0.438856,0.038314
351000.002099,14593.000000,160.986280,0.407611,0.012649
351999.999872,14630.000000,161.301687,0.315407,0.012170
353000.001410,14672.000000,161.830075,0.528388,0.099549
354000.056237,14716.000000,162.392146,0.562071,0.103042
355003.568789,14759.000000,162.798367,0.406221,0.033866
356001.511470,14804.000000,163.354801,0.556434,0.099604
357000.001150,14848.000000,163.747732,0.392931,0.014062
358000.058474,14886.000000,164.132189,0.384457,0.036687
359000.095337,14925.000000,164.528242,0.396053,0.058638
360000.004074,14964.000000,164.852991,0.324749,0.022665
361000.162787,15002.000000,165.177195,0.324204,0.013346
362001.876843,15042.000000,165.740824,0.563629,0.099367
363000.443900,15086.000000,166.112939,0.372115,0.012279
364000.701598,15119.000000,166.403255,0.290316,0.013177
