Time Recorded,Absolute Call Count,Absolute Total Duration,Relative Total Duration,Relative Max Duration
1000.107948,113.000000,0.627835,0.293594,0.012002
2000.004180,147.000000,0.815509,0.187674,0.013588
3000.593609,187.000000,1.067074,0.251565,0.040575
4000.068391,224.000000,1.264999,0.197925,0.007943
5000.000234,226.000000,1.280813,0.015814,0.008634
6000.086428,288.000000,1.603392,0.322579,0.008158
7008.631159,352.000000,3.211894,1.608502,1.258028
8000.078946,415.000000,3.535677,0.323783,0.007939
9000.093757,473.000000,3.945284,0.409607,0.115427
10000.002643,535.000000,4.269281,0.323997,0.007634
11003.272047,597.000000,4.623148,0.353867,0.021195
12000.676006,664.000000,4.982851,0.359703,0.009318
13000.455125,722.000000,5.687247,0.704396,0.396354
14002.559197,778.000000,5.994696,0.307449,0.008755
15000.019982,839.000000,6.328861,0.334165,0.018507
16000.153211,895.000000,6.645150,0.316289,0.009302
17000.039573,957.000000,6.982976,0.337826,0.010025
18000.085847,1014.000000,7.295413,0.312437,0.010443
18999.998829,1068.000000,7.619449,0.324036,0.029616
20000.345253,1119.000000,7.892953,0.273504,0.009403
21000.613655,1175.000000,8.248937,0.355984,0.034752
22000.218657,1245.000000,8.604670,0.355733,0.007769
23000.555813,1313.000000,8.978742,0.374072,0.014505
24000.247724,1370.000000,9.272084,0.293342,0.007252
25000.179386,1426.000000,9.594230,0.322146,0.026984
25999.998498,1486.000000,9.941381,0.347151,0.015090
27000.003673,1540.000000,10.245999,0.304618,0.016841
28001.045913,1604.000000,10.614316,0.368317,0.014310
29000.183709,1659.000000,10.900913,0.286597,0.007780
30000.005969,1713.000000,11.360698,0.459785,0.145198
31000.236536,1773.000000,11.690275,0.329577,0.015057
32004.587932,1842.000000,12.066867,0.376592,0.014518
33000.385568,1899.000000,12.433511,0.366644,0.034471
34000.259378,1965.000000,12.787132,0.353621,0.012044
35000.032226,2015.000000,13.054405,0.267273,0.007760
36001.636617,2071.000000,13.392886,0.338481,0.056722
37002.359951,2136.000000,13.733618,0.340732,0.007743
38000.948846,2201.000000,14.069001,0.335383,0.007116
39001.654538,2254.000000,14.373144,0.304143,0.013855
40000.001101,2312.000000,14.700143,0.326999,0.030398
41000.019740,2366.000000,15.003781,0.303638,0.014058
42000.038972,2424.000000,15.329839,0.326058,0.019809
43000.426945,2478.000000,15.627305,0.297466,0.023312
43999.997332,2534.000000,15.936171,0.308866,0.013384
45000.141492,2587.000000,16.206545,0.270374,0.007631
46000.003553,2633.000000,16.448555,0.242010,0.007374
47000.296954,2670.000000,16.648938,0.200383,0.009247
48000.082973,2721.000000,16.915322,0.266384,0.007807
49000.006598,2772.000000,17.197006,0.281684,0.010366
50000.131872,2825.000000,17.493117,0.296111,0.017101
51000.032479,2882.000000,17.802557,0.309440,0.014378
52000.142770,2939.000000,18.149461,0.346904,0.042749
53001.472175,2995.000000,18.447425,0.297964,0.007861
54002.292279,3051.000000,18.748951,0.301526,0.013820
55000.026382,3119.000000,19.286998,0.538047,0.170804
56000.088514,3183.000000,19.625453,0.338455,0.007086
57000.000834,3253.000000,20.010240,0.384787,0.009508
58000.003536,3315.000000,20.687413,0.677173,0.356156
59000.035447,3369.000000,21.028319,0.340906,0.051440
60000.172344,3427.000000,21.369690,0.341371,0.018240
61003.890558,3486.000000,21.693348,0.323658,0.008301
62000.006706,3551.000000,22.041093,0.347745,0.007077
63001.272735,3609.000000,22.415539,0.374446,0.036669
64000.284742,3665.000000,22.716674,0.301135,0.007527
65000.463675,3720.000000,23.031759,0.315085,0.022036
66001.205427,3772.000000,23.334377,0.302618,0.013887
67000.003103,3832.000000,23.656454,0.322077,0.007779
68000.458523,3888.000000,23.960020,0.303566,0.007627
69000.371160,3936.000000,24.286412,0.326392,0.073988
70000.125085,3982.000000,24.560280,0.273868,0.027755
71000.207291,4028.000000,24.825558,0.265278,0.016100
72000.003065,4068.000000,25.058964,0.233406,0.015357
73000.017348,4114.000000,25.299792,0.240828,0.007722
74000.461788,4163.000000,25.565775,0.265983,0.007894
75000.001562,4214.000000,29.752690,4.186915,3.912996
75999.999306,4281.000000,30.141208,0.388518,0.031637
77000.219759,4333.000000,30.431959,0.290751,0.010084
78000.036220,4391.000000,30.754509,0.322550,0.007816
78999.998804,4455.000000,31.107369,0.352860,0.015464
80005.694275,4515.000000,31.445984,0.338615,0.018586
81003.858418,4568.000000,31.748219,0.302235,0.008135
81999.994666,4621.000000,32.035501,0.287282,0.007744
83000.452817,4680.000000,32.372470,0.336969,0.013844
84000.120345,4737.000000,32.691889,0.319419,0.007972
85000.217458,4798.000000,33.032413,0.340524,0.008090
86000.180016,4858.000000,33.403593,0.371180,0.045505
87001.504802,4920.000000,33.732494,0.328901,0.007169
88000.001828,4975.000000,34.062927,0.330433,0.029654
89007.334837,5040.000000,34.417001,0.354074,0.023874
90000.001985,5090.000000,34.700485,0.283484,0.008788
91000.123680,5149.000000,35.016560,0.316075,0.007954
92000.926882,5212.000000,35.391899,0.375339,0.037088
93005.883185,5268.000000,35.700191,0.308292,0.008323
94000.818841,5324.000000,36.016099,0.315908,0.009472
95000.006332,5383.000000,36.337773,0.321674,0.007493
95999.999710,5441.000000,36.661553,0.323780,0.008501
97000.529452,5506.000000,37.012468,0.350915,0.008151
97999.999671,5560.000000,37.307584,0.295116,0.007607
99000.002672,5604.000000,37.556332,0.248748,0.013639
100000.002608,5663.000000,37.883083,0.326751,0.007195
101001.920694,5719.000000,38.192262,0.309179,0.007554
102002.974844,5773.000000,38.501738,0.309476,0.008871
103000.639075,5826.000000,38.809726,0.307988,0.007891
104002.207250,5884.000000,39.151087,0.341361,0.015337
105000.870767,5938.000000,39.462119,0.311032,0.007986
106000.085727,5980.000000,39.700260,0.238141,0.007269
107000.200380,6034.000000,40.002156,0.301896,0.006950
107999.998591,6089.000000,40.320551,0.318395,0.014151
109000.000301,6137.000000,40.594855,0.274304,0.007624
110007.079748,6191.000000,40.905153,0.310298,0.008073
111000.070229,6237.000000,41.174555,0.269402,0.014448
112000.039154,6284.000000,41.449293,0.274738,0.008183
113006.070144,6346.000000,41.798543,0.349250,0.008023
114000.024271,6402.000000,42.134156,0.335613,0.015192
115000.003352,6456.000000,42.438421,0.304265,0.007596
115999.998771,6502.000000,42.706078,0.267657,0.021714
117000.055011,6554.000000,42.997457,0.291379,0.007470
118000.059687,6604.000000,43.391114,0.393657,0.105949
119000.169430,6659.000000,43.704517,0.313403,0.008051
120000.023517,6719.000000,44.090384,0.385867,0.054177
121001.176228,6773.000000,44.404022,0.313638,0.008052
122000.794592,6825.000000,44.693164,0.289142,0.008252
123000.389134,6875.000000,44.973683,0.280519,0.008091
124000.343834,6921.000000,45.245430,0.271747,0.008291
125001.078490,6975.000000,45.558190,0.312760,0.007504
126000.414142,7032.000000,45.876589,0.318399,0.007284
127001.821865,7076.000000,46.127579,0.250990,0.007643
128000.033166,7129.000000,46.462983,0.335404,0.021668
128999.998518,7184.000000,46.786874,0.323891,0.020789
130002.585703,7226.000000,47.033416,0.246542,0.008154
131002.715287,7280.000000,47.330731,0.297315,0.006994
132000.074346,7332.000000,47.681656,0.350925,0.051175
133001.759521,7382.000000,47.954831,0.273175,0.006302
134009.416907,7432.000000,48.239088,0.284257,0.007342
135000.005291,7484.000000,48.552477,0.313389,0.020763
135999.994926,7530.000000,48.814560,0.262083,0.008239
137003.340270,7580.000000,49.103930,0.289370,0.007893
138000.135808,7627.000000,49.373787,0.269857,0.007970
139000.184979,7686.000000,49.937664,0.563877,0.228084
139999.999913,7738.000000,50.232437,0.294773,0.007646
141003.456716,7794.000000,50.561116,0.328679,0.018213
142000.198915,7839.000000,50.814628,0.253512,0.008324
143000.010590,7891.000000,51.116758,0.302130,0.009095
144001.205991,7946.000000,51.431925,0.315167,0.008620
145000.389043,8002.000000,51.934767,0.502842,0.176076
146000.026197,8060.000000,52.268162,0.333395,0.014200
147004.448353,8112.000000,52.561282,0.293120,0.007405
148000.229696,8159.000000,52.855888,0.294606,0.040416
149002.267458,8209.000000,53.134375,0.278487,0.008486
150000.001828,8262.000000,53.433097,0.298722,0.008664
151000.023404,8318.000000,53.749593,0.316496,0.008630
152001.362758,8372.000000,54.054542,0.304949,0.007060
153002.021591,8432.000000,54.384691,0.330149,0.007668
153999.998013,8468.000000,54.593416,0.208725,0.008783
155000.053357,8515.000000,54.943473,0.350057,0.070170
156009.528466,8568.000000,55.256801,0.313328,0.011572
157000.331784,8628.000000,55.593370,0.336569,0.007893
158000.047926,8678.000000,55.884548,0.291178,0.008001
159000.003120,8727.000000,56.159997,0.275449,0.008175
160000.001993,8778.000000,56.475386,0.315389,0.026959
161000.006577,8830.000000,56.780819,0.305433,0.009311
162000.012610,8880.000000,57.067986,0.287167,0.007962
163000.002217,8934.000000,57.408409,0.340423,0.045125
164000.037511,8995.000000,57.755834,0.347425,0.007454
165000.161629,9047.000000,58.051539,0.295705,0.008959
166000.034261,9087.000000,58.285486,0.233947,0.012395
167003.206891,9143.000000,58.596833,0.311347,0.007582
168000.039502,9197.000000,58.925596,0.328763,0.017455
169001.040023,9255.000000,59.252121,0.326525,0.007647
170002.031498,9306.000000,59.538118,0.285997,0.007154
171000.047707,9363.000000,59.869863,0.331745,0.015073
172002.352842,9409.000000,60.136945,0.267082,0.007443
173006.251299,9464.000000,60.455026,0.318081,0.007675
174000.105191,9519.000000,60.765444,0.310418,0.007941
175006.450125,9570.000000,61.055993,0.290549,0.008516
175999.998472,9622.000000,61.353992,0.297999,0.008656
177000.120445,9681.000000,61.748207,0.394215,0.066011
178000.005477,9727.000000,62.014456,0.266249,0.008470
179000.206659,9771.000000,62.287800,0.273344,0.014781
180009.985844,9823.000000,62.680095,0.392295,0.103346
181000.008563,9863.000000,62.902291,0.222196,0.006628
182000.023469,9907.000000,63.148526,0.246235,0.007450
183000.416664,9955.000000,63.417419,0.268893,0.009453
184001.164583,9989.000000,63.605175,0.187756,0.007440
185000.000959,10027.000000,63.822394,0.217219,0.006992
186012.535172,10067.000000,64.048159,0.225765,0.008182
187003.161292,10113.000000,64.295316,0.247157,0.006598
188000.000179,10155.000000,64.532885,0.237569,0.007485
189000.004594,10203.000000,64.861359,0.328474,0.062367
190001.284248,10237.000000,65.060957,0.199598,0.008974
191000.002195,10279.000000,65.286469,0.225512,0.007534
192000.013852,10313.000000,65.481413,0.194944,0.008348
193002.543930,10355.000000,65.731231,0.249818,0.007887
193999.999104,10395.000000,65.967639,0.236408,0.015156
195000.026435,10445.000000,66.259701,0.292062,0.008474
196000.240756,10489.000000,66.517061,0.257360,0.012677
197006.024839,10543.000000,66.824941,0.307880,0.016742
198000.554639,10595.000000,67.127893,0.302952,0.009165
199000.130492,10653.000000,67.462040,0.334147,0.007744
200000.841553,10709.000000,67.794422,0.332382,0.012386
201000.002714,10760.000000,68.129215,0.334793,0.047993
202001.250403,10801.000000,68.361255,0.232040,0.007109
203000.039614,10852.000000,68.649782,0.288527,0.014317
204000.205497,10906.000000,68.957876,0.308094,0.008529
205009.922915,10960.000000,69.365287,0.407411,0.105294
206000.132379,11016.000000,69.677018,0.311731,0.007898
207000.623860,11059.000000,69.941554,0.264536,0.022215
208005.204289,11105.000000,70.227825,0.286271,0.024621
209002.627006,11155.000000,70.534426,0.306601,0.020350
210005.293726,11211.000000,70.902687,0.368261,0.048995
211000.334579,11272.000000,71.242917,0.340230,0.007988
212000.865263,11323.000000,71.542396,0.299479,0.008008
213006.518650,11377.000000,71.839909,0.297513,0.008298
214003.322600,11418.000000,72.092917,0.253008,0.014565
215000.107388,11474.000000,72.422527,0.329610,0.015880
216000.038215,11531.000000,72.752530,0.330003,0.009681
217002.128480,11587.000000,73.065827,0.313297,0.007450
218000.694135,11634.000000,73.332813,0.266986,0.013369
219000.025062,11687.000000,73.634159,0.301346,0.009311
220000.136128,11737.000000,73.921652,0.287493,0.007818
221000.027512,11795.000000,74.242730,0.321078,0.006816
222006.523085,11849.000000,74.578716,0.335986,0.021853
223000.166881,11897.000000,74.847343,0.268627,0.007784
224000.030457,11951.000000,75.186207,0.338864,0.024206
225005.322146,12001.000000,75.482611,0.296404,0.007577
226000.047049,12042.000000,75.727807,0.245196,0.008248
227000.263372,12097.000000,76.043560,0.315753,0.008511
228000.024042,12155.000000,76.433866,0.390306,0.061355
229005.534045,12203.000000,76.701741,0.267875,0.008010
230000.003251,12253.000000,77.155849,0.454108,0.103893
231003.563173,12309.000000,77.477011,0.321162,0.008280
232001.184472,12351.000000,77.727146,0.250135,0.010828
232999.983055,12407.000000,78.040385,0.313239,0.007122
234006.320425,12451.000000,78.288215,0.247830,0.007530
235011.043694,12499.000000,78.558203,0.269988,0.007064
236000.034766,12556.000000,78.872806,0.314603,0.008644
237003.726144,12612.000000,79.199016,0.326210,0.009647
238000.012365,12659.000000,79.490504,0.291488,0.017705
239002.594995,12710.000000,79.770708,0.280204,0.008026
240011.050800,12761.000000,80.056463,0.285755,0.008229
241006.277297,12817.000000,80.379019,0.322556,0.007424
242006.113933,12872.000000,80.705245,0.326226,0.023906
243000.457908,12926.000000,81.009617,0.304372,0.008105
244000.071173,12970.000000,81.297195,0.287578,0.023259
245000.149355,13019.000000,81.575572,0.278377,0.008628
246000.005922,13075.000000,81.891243,0.315671,0.008913
247000.199438,13127.000000,82.188928,0.297685,0.008411
248000.032796,13179.000000,82.491631,0.302703,0.013486
249001.538350,13234.000000,82.820589,0.328958,0.026873
250004.318281,13271.000000,83.058229,0.237640,0.027663
250999.999649,13325.000000,83.369493,0.311264,0.007517
252000.795553,13377.000000,83.702915,0.333422,0.019154
253000.142450,13431.000000,84.011462,0.308547,0.008391
254003.310338,13487.000000,84.344607,0.333145,0.023531
255000.224011,13535.000000,84.630283,0.285676,0.021073
256001.076093,13579.000000,84.878320,0.248037,0.008338
257000.153121,13635.000000,85.202765,0.324445,0.008689
258001.532262,13689.000000,85.551806,0.349041,0.047320
259001.360163,13743.000000,85.872166,0.320360,0.008723
260000.008821,13795.000000,86.184907,0.312741,0.021873
261004.655843,13847.000000,86.477788,0.292881,0.008547
262002.592314,13891.000000,86.737731,0.259943,0.007764
263002.003398,13944.000000,87.037776,0.300045,0.007771
264000.001200,14002.000000,87.369206,0.331430,0.009287
265000.484259,14058.000000,87.693075,0.323869,0.011457
266000.057125,14108.000000,87.990255,0.297180,0.018735
267000.003403,14164.000000,88.412199,0.421944,0.095347
268005.508357,14208.000000,88.670169,0.257970,0.008307
268999.999936,14262.000000,88.974954,0.304785,0.007908
270000.179179,14318.000000,89.293868,0.318914,0.008265
271001.295542,14372.000000,90.041776,0.747908,0.447566
272000.053410,14425.000000,90.346533,0.304757,0.009117
272999.985065,14481.000000,90.661885,0.315352,0.008069
274000.000241,14524.000000,90.923465,0.261580,0.010151
274999.999624,14576.000000,91.265226,0.341761,0.038352
276000.926403,14631.000000,91.591909,0.326683,0.019664
277003.776368,14688.000000,92.002396,0.410487,0.054908
278000.000277,14746.000000,92.339657,0.337261,0.024166
279001.040882,14804.000000,92.665126,0.325469,0.007678
280001.910165,14851.000000,92.949656,0.284530,0.022436
281002.404987,14902.000000,93.285558,0.335902,0.027059
282003.980440,14959.000000,93.607921,0.322363,0.007491
283000.557098,15005.000000,93.889636,0.281715,0.028989
284000.205242,15061.000000,94.216669,0.327033,0.007969
285000.437050,15115.000000,94.538550,0.321881,0.010629
285999.999030,15163.000000,94.824553,0.286003,0.008294
287001.239878,15221.000000,95.155377,0.330824,0.008123
288000.015790,15272.000000,95.467290,0.311913,0.018919
289003.060441,15331.000000,95.816607,0.349317,0.014987
290000.013885,15384.000000,96.138403,0.321796,0.022589
291000.001567,15434.000000,96.421602,0.283199,0.019416
292000.131518,15483.000000,96.697643,0.276041,0.007768
293008.764887,15532.000000,97.016277,0.318634,0.037537
294000.116640,15587.000000,97.344191,0.327914,0.017920
295000.158906,15640.000000,97.723339,0.379148,0.090126
295999.999151,15700.000000,98.052206,0.328867,0.007969
297000.093105,15754.000000,98.351846,0.299640,0.007829
298001.163814,15806.000000,98.646147,0.294301,0.008626
299000.960420,15860.000000,98.948272,0.302125,0.007658
300000.003094,15915.000000,99.259783,0.311511,0.011546
301000.131662,15974.000000,99.596184,0.336401,0.008562
302004.302521,16029.000000,99.907578,0.311394,0.007735
303000.434774,16089.000000,100.244641,0.337063,0.008115
304000.068558,16129.000000,100.486298,0.241657,0.007783
305000.228461,16171.000000,100.721250,0.234952,0.008055
306000.142816,16213.000000,100.982452,0.261202,0.012132
307000.894805,16260.000000,101.260139,0.277687,0.014134
308000.196689,16300.000000,101.512808,0.252669,0.014623
309000.150371,16336.000000,101.735192,0.222384,0.015555
310002.060780,16374.000000,101.960844,0.225652,0.008626
311000.927343,16425.000000,102.265667,0.304823,0.007931
312000.266169,16479.000000,102.565157,0.299490,0.007453
313000.414072,16525.000000,103.789181,1.224024,0.888766
314008.239345,16577.000000,104.108180,0.318999,0.030535
315000.002710,16625.000000,104.389665,0.281485,0.009529
316000.097786,16669.000000,104.637327,0.247662,0.007295
317000.001748,16725.000000,104.981224,0.343897,0.015819
318001.797101,16779.000000,105.290527,0.309303,0.007753
319000.059629,16833.000000,105.623750,0.333223,0.022887
320000.003107,16885.000000,105.915889,0.292139,0.009344
321009.062111,16935.000000,106.190342,0.274453,0.007794
322000.916160,16982.000000,106.505988,0.315646,0.050416
323000.007088,17038.000000,106.830908,0.324920,0.007618
324001.500013,17095.000000,107.222730,0.391822,0.054415
324999.997885,17152.000000,107.562647,0.339917,0.016443
326000.001641,17203.000000,107.869274,0.306627,0.022636
327003.397122,17256.000000,108.185358,0.316084,0.015226
328001.100481,17306.000000,108.469732,0.284374,0.008112
329001.629521,17360.000000,108.777464,0.307732,0.013290
330001.782428,17421.000000,109.135908,0.358444,0.023206
331001.082449,17462.000000,109.390503,0.254595,0.015625
332000.978825,17504.000000,109.661482,0.270979,0.023652
333002.426768,17556.000000,110.054869,0.393387,0.073434
334001.236914,17594.000000,110.284483,0.229614,0.007306
335000.122984,17641.000000,110.553554,0.269071,0.008776
336000.125676,17688.000000,110.814876,0.261322,0.008493
337000.396523,17737.000000,111.097176,0.282300,0.012166
338000.414859,17785.000000,111.384770,0.287594,0.015137
339002.424195,17835.000000,111.664435,0.279665,0.008217
340003.746580,17871.000000,111.863339,0.198904,0.007446
341000.209626,17909.000000,112.082384,0.219045,0.008275
342000.169581,17961.000000,112.387470,0.305086,0.021391
343000.009162,18010.000000,112.676599,0.289129,0.022652
344000.838705,18064.000000,112.979789,0.303190,0.007846
345000.004006,18118.000000,113.283814,0.304025,0.008728
346000.000954,18174.000000,113.593042,0.309228,0.007870
346999.998870,18230.000000,113.910167,0.317125,0.008604
348001.479442,18280.000000,114.179495,0.269328,0.007814
349000.826243,18330.000000,114.472445,0.292950,0.015085
350003.299233,18385.000000,115.555530,1.083085,0.756843
351000.002099,18439.000000,115.867731,0.312201,0.007895
351999.999872,18478.000000,116.107377,0.239646,0.007958
353000.001410,18528.000000,116.401208,0.293831,0.023582
354000.056237,18584.000000,116.823041,0.421833,0.064471
355003.568789,18635.000000,117.111283,0.288242,0.008558
356001.511470,18684.000000,117.415863,0.304580,0.015112
357000.001150,18738.000000,117.740795,0.324932,0.015099
358000.058474,18784.000000,118.151223,0.410428,0.080072
359000.095337,18829.000000,118.415868,0.264645,0.009859
360000.004074,18868.000000,118.655539,0.239671,0.012436
361000.162787,18912.000000,119.004951,0.349412,0.096341
362001.876843,18960.000000,119.291293,0.286342,0.011182
363000.443900,19010.000000,119.641544,0.350251,0.065860
364000.701598,19049.000000,119.873213,0.231669,0.007480
