Time Recorded,Absolute Call Count,Absolute Total Duration,Relative Total Duration,Relative Max Duration
1000.107948,69.000000,30.641799,13.471157,0.790473
2000.004180,87.000000,39.712618,9.070819,1.575284
3000.593609,106.000000,47.203553,7.490935,0.683329
4000.068391,122.000000,52.265728,5.062175,0.462358
5000.000234,125.000000,53.960070,1.694342,0.689010
6000.086428,155.000000,66.253209,12.293139,0.919054
7008.631159,175.000000,74.238812,7.985603,0.872020
8000.078946,188.000000,78.403727,4.164915,0.494935
9000.093757,203.000000,83.431356,5.027629,0.588819
10000.002643,214.000000,86.631366,3.200010,0.359685
11003.272047,221.000000,88.686687,2.055321,0.346548
12000.676006,230.000000,92.645387,3.958700,1.635152
13000.455125,238.000000,95.060650,2.415263,0.503533
14002.559197,254.000000,100.374629,5.313979,0.589289
15000.019982,268.000000,105.280379,4.905750,1.167592
16000.153211,274.000000,107.446864,2.166485,0.777239
17000.039573,282.000000,109.893303,2.446439,0.762877
18000.085847,293.000000,116.292234,6.398931,2.797835
18999.998829,301.000000,122.684464,6.392230,3.901460
20000.345253,304.000000,123.874055,1.189591,0.508794
21000.613655,305.000000,124.212711,0.338656,0.338656
22000.218657,307.000000,124.775860,0.563149,0.347501
23000.555813,309.000000,125.395731,0.619871,0.393008
24000.247724,311.000000,126.450380,1.054649,0.833129
25000.179386,313.000000,127.036966,0.586586,0.326829
25999.998498,318.000000,129.846236,2.809270,1.055098
27000.003673,322.000000,131.434364,1.588128,0.483326
28001.045913,329.000000,136.051376,4.617012,1.119211
29000.183709,331.000000,137.270616,1.219240,0.922418
30000.005969,336.000000,140.432996,3.162380,1.380504
31000.236536,339.000000,141.643063,1.210067,0.424540
32004.587932,345.000000,143.588252,1.945189,0.455064
33000.385568,353.000000,149.510084,5.921832,1.248251
34000.259378,361.000000,153.461550,3.951466,0.946868
35000.032226,362.000000,153.676603,0.215053,0.215053
36001.636617,367.000000,156.034301,2.357698,0.743181
37002.359951,373.000000,158.340614,2.306313,0.867776
38000.948846,380.000000,161.265235,2.924621,0.675544
39001.654538,382.000000,161.822754,0.557519,0.304619
40000.001101,385.000000,162.899861,1.077107,0.498449
41000.019740,389.000000,164.597902,1.698041,0.553693
42000.038972,391.000000,165.064535,0.466633,0.259461
43000.426945,393.000000,165.797309,0.732774,0.442237
43999.997332,397.000000,167.021584,1.224275,0.450570
45000.141492,402.000000,168.506191,1.484607,0.385927
46000.003553,403.000000,168.776016,0.269825,0.269825
47000.296954,407.000000,171.231095,2.455079,1.039153
48000.082973,412.000000,173.831911,2.600816,0.686448
49000.006598,415.000000,174.580536,0.748625,0.283449
50000.131872,422.000000,179.865307,5.284771,2.076245
51000.032479,423.000000,180.192611,0.327304,0.327304
52000.142770,428.000000,181.930239,1.737628,0.367969
53001.472175,433.000000,183.279765,1.349526,0.351000
54002.292279,435.000000,183.851231,0.571466,0.312801
55000.026382,438.000000,185.697114,1.845883,0.861042
56000.088514,440.000000,186.234748,0.537634,0.319173
57000.000834,446.000000,190.130136,3.895388,0.939234
58000.003536,449.000000,191.028960,0.898824,0.339248
59000.035447,452.000000,192.708135,1.679175,0.837197
60000.172344,456.000000,194.486703,1.778568,0.541220
61003.890558,462.000000,197.192892,2.706189,0.654881
62000.006706,464.000000,198.367122,1.174230,0.669750
63001.272735,469.000000,200.950030,2.582908,0.773763
64000.284742,474.000000,202.800379,1.850349,0.493211
65000.463675,477.000000,204.143362,1.342983,0.726300
66001.205427,478.000000,204.547269,0.403907,0.403907
67000.003103,485.000000,206.926764,2.379495,0.455225
68000.458523,487.000000,207.652851,0.726087,0.395403
69000.371160,490.000000,208.763978,1.111127,0.404111
70000.125085,494.000000,210.058382,1.294404,0.377817
71000.207291,497.000000,211.146403,1.088021,0.425865
72000.003065,498.000000,211.491616,0.345213,0.345213
73000.017348,501.000000,212.501518,1.009902,0.403675
74000.461788,503.000000,214.205673,1.704155,1.334011
75000.001562,504.000000,214.540899,0.335226,0.335226
75999.999306,506.000000,215.080444,0.539545,0.328558
77000.219759,510.000000,216.905206,1.824762,0.644544
78000.036220,512.000000,217.432569,0.527363,0.285623
78999.998804,515.000000,218.296545,0.863976,0.330819
80005.694275,517.000000,218.891850,0.595305,0.309427
81003.858418,518.000000,219.221668,0.329818,0.329818
81999.994666,521.000000,220.242647,1.020979,0.432439
83000.452817,525.000000,221.743510,1.500863,0.490541
84000.120345,526.000000,222.120187,0.376677,0.376677
85000.217458,533.000000,225.984129,3.863942,1.155793
86000.180016,536.000000,227.071819,1.087690,0.393576
87001.504802,541.000000,228.857162,1.785343,0.416481
88000.001828,543.000000,229.451078,0.593916,0.394402
89007.334837,554.000000,234.153796,4.702718,0.741291
90000.001985,555.000000,234.580118,0.426322,0.426322
91000.123680,558.000000,235.567130,0.987012,0.403940
92000.926882,562.000000,236.659545,1.092415,0.303516
93005.883185,568.000000,239.248198,2.588653,0.632049
94000.818841,573.000000,240.611011,1.362813,0.356607
95000.006332,576.000000,241.662291,1.051280,0.429440
95999.999710,579.000000,242.483834,0.821543,0.296641
97000.529452,583.000000,243.771495,1.287661,0.394109
97999.999671,585.000000,244.278604,0.507109,0.273953
99000.002672,586.000000,244.599645,0.321041,0.321041
100000.002608,590.000000,246.313371,1.713726,0.701074
101001.920694,594.000000,247.438846,1.125475,0.326445
102002.974844,599.000000,249.813184,2.374338,0.750015
103000.639075,600.000000,250.911591,1.098407,1.098407
104002.207250,605.000000,255.201775,4.290184,2.882298
105000.870767,609.000000,257.020751,1.818976,0.593780
106000.085727,612.000000,257.799304,0.778553,0.302709
107000.200380,614.000000,258.441742,0.642438,0.352030
107999.998591,618.000000,260.220350,1.778608,0.874010
109000.000301,618.000000,260.220350,0.000000,0.000000
110007.079748,621.000000,261.115177,0.894827,0.342035
111000.070229,623.000000,261.667609,0.552432,0.281226
112000.039154,625.000000,262.186659,0.519050,0.270849
113006.070144,632.000000,265.857806,3.671147,1.398593
114000.024271,633.000000,266.234842,0.377036,0.377036
115000.003352,637.000000,268.851467,2.616625,1.298405
115999.998771,640.000000,269.743014,0.891547,0.413053
117000.055011,642.000000,270.520895,0.777881,0.428427
118000.059687,646.000000,271.760622,1.239727,0.373493
119000.169430,651.000000,273.262385,1.501763,0.363035
120000.023517,656.000000,274.869564,1.607179,0.344149
121001.176228,660.000000,276.069268,1.199704,0.433476
122000.794592,667.000000,278.536388,2.467120,0.402212
123000.389134,670.000000,279.506216,0.969828,0.357675
124000.343834,674.000000,280.708726,1.202510,0.360744
125001.078490,675.000000,281.096064,0.387338,0.387338
126000.414142,679.000000,282.231367,1.135303,0.342647
127001.821865,680.000000,282.520277,0.288910,0.288910
128000.033166,683.000000,283.758476,1.238199,0.704272
128999.998518,685.000000,284.282387,0.523911,0.284497
130002.585703,687.000000,284.871804,0.589417,0.337535
131002.715287,690.000000,285.801436,0.929632,0.354622
132000.074346,692.000000,286.470252,0.668816,0.394840
133001.759521,696.000000,287.690868,1.220616,0.438654
134009.416907,696.000000,287.690868,0.000000,0.000000
135000.005291,699.000000,288.730923,1.040055,0.412799
135999.994926,704.000000,290.379309,1.648386,0.430357
137003.340270,706.000000,290.895778,0.516469,0.307297
138000.135808,707.000000,291.284539,0.388761,0.388761
139000.184979,714.000000,294.588025,3.303486,0.715926
139999.999913,716.000000,295.252395,0.664370,0.374274
141003.456716,719.000000,296.074980,0.822585,0.340532
142000.198915,722.000000,296.943527,0.868547,0.327712
143000.010590,726.000000,298.189750,1.246223,0.358816
144001.205991,728.000000,298.807447,0.617697,0.321167
145000.389043,731.000000,299.658514,0.851067,0.309428
146000.026197,737.000000,302.019206,2.360692,0.477191
147004.448353,742.000000,304.080919,2.061713,0.496251
148000.229696,747.000000,305.624820,1.543901,0.398426
149002.267458,750.000000,307.145815,1.520995,0.873359
150000.001828,754.000000,308.535320,1.389505,0.387611
151000.023404,758.000000,310.156576,1.621256,0.498238
152001.362758,761.000000,311.216203,1.059627,0.388993
153002.021591,768.000000,313.591929,2.375726,0.501089
153999.998013,771.000000,314.615651,1.023722,0.473605
155000.053357,774.000000,315.686423,1.070772,0.389110
156009.528466,778.000000,317.004845,1.318422,0.381409
157000.331784,784.000000,318.840790,1.835945,0.469878
158000.047926,786.000000,319.998703,1.157913,0.888055
159000.003120,789.000000,321.043989,1.045286,0.398741
160000.001993,798.000000,324.169748,3.125759,0.427502
161000.006577,799.000000,324.514345,0.344597,0.344597
162000.012610,801.000000,325.634589,1.120244,0.770863
163000.002217,806.000000,327.202280,1.567691,0.371146
164000.037511,814.000000,330.568609,3.366329,0.766984
165000.161629,818.000000,331.661461,1.092852,0.314408
166000.034261,824.000000,333.586508,1.925047,0.375604
167003.206891,828.000000,334.941877,1.355369,0.378490
168000.039502,830.000000,335.545954,0.604077,0.362861
169001.040023,836.000000,337.528058,1.982104,0.375514
170002.031498,838.000000,338.243142,0.715084,0.371462
171000.047707,842.000000,340.172623,1.929481,0.756760
172002.352842,846.000000,341.355684,1.183061,0.342302
173006.251299,847.000000,341.680406,0.324722,0.324722
174000.105191,850.000000,342.633152,0.952746,0.379221
175006.450125,852.000000,343.138871,0.505719,0.288024
175999.998472,855.000000,344.149418,1.010547,0.517576
177000.120445,861.000000,346.637905,2.488487,0.695301
178000.005477,868.000000,349.583346,2.945441,0.547891
179000.206659,868.000000,349.583346,0.000000,0.000000
180009.985844,873.000000,351.278362,1.695016,0.449713
181000.008563,877.000000,352.478209,1.199847,0.322487
182000.023469,879.000000,353.899500,1.421291,0.738577
183000.416664,882.000000,355.012128,1.112628,0.417057
184001.164583,888.000000,357.778480,2.766352,0.799937
185000.000959,890.000000,358.437339,0.658859,0.423455
186012.535172,892.000000,359.057999,0.620660,0.355199
187003.161292,895.000000,359.750683,0.692684,0.247858
188000.000179,896.000000,359.964093,0.213410,0.213410
189000.004594,900.000000,361.725343,1.761250,0.533041
190001.284248,902.000000,362.699506,0.974163,0.663871
191000.002195,906.000000,363.907761,1.208255,0.371489
192000.013852,906.000000,363.907761,0.000000,0.000000
193002.543930,907.000000,364.715576,0.807815,0.807815
193999.999104,909.000000,365.370528,0.654952,0.387722
195000.026435,910.000000,365.715322,0.344794,0.344794
196000.240756,915.000000,367.429556,1.714234,0.408000
197006.024839,922.000000,371.007047,3.577491,0.780792
198000.554639,927.000000,372.699778,1.692731,0.392370
199000.130492,932.000000,374.783925,2.084147,0.652695
200000.841553,934.000000,375.683685,0.899760,0.489337
201000.002714,935.000000,375.960727,0.277042,0.277042
202001.250403,940.000000,378.211465,2.250738,0.720088
203000.039614,943.000000,379.046520,0.835055,0.365568
204000.205497,947.000000,380.198072,1.151552,0.371222
205009.922915,950.000000,381.185732,0.987660,0.340738
206000.132379,953.000000,383.025279,1.839547,0.747703
207000.623860,957.000000,384.936064,1.910785,0.855620
208005.204289,962.000000,386.930942,1.994878,0.495389
209002.627006,965.000000,387.936770,1.005828,0.406867
210005.293726,971.000000,391.358691,3.421921,1.713222
211000.334579,976.000000,392.857597,1.498906,0.375164
212000.865263,978.000000,393.444449,0.586852,0.327973
213006.518650,981.000000,394.296135,0.851686,0.364140
214003.322600,982.000000,394.539716,0.243581,0.243581
215000.107388,985.000000,395.570852,1.031136,0.393403
216000.038215,991.000000,398.073871,2.503019,0.891673
217002.128480,997.000000,400.601388,2.527517,0.564250
218000.694135,1001.000000,401.994429,1.393041,0.410876
219000.025062,1004.000000,402.751402,0.756973,0.300453
220000.136128,1010.000000,404.783927,2.032525,0.503444
221000.027512,1013.000000,405.780650,0.996723,0.398917
222006.523085,1014.000000,406.027117,0.246467,0.246467
223000.166881,1018.000000,407.463604,1.436487,0.397205
224000.030457,1022.000000,408.835500,1.371896,0.456548
225005.322146,1024.000000,409.400080,0.564580,0.290408
226000.047049,1027.000000,410.904707,1.504627,0.792133
227000.263372,1033.000000,414.329085,3.424378,1.252229
228000.024042,1040.000000,416.988115,2.659030,0.707501
229005.534045,1045.000000,418.585499,1.597384,0.398346
230000.003251,1048.000000,419.548369,0.962870,0.384843
231003.563173,1053.000000,421.292625,1.744256,0.447492
232001.184472,1056.000000,422.642988,1.350363,0.794720
232999.983055,1060.000000,423.866817,1.223829,0.363735
234006.320425,1060.000000,423.866817,0.000000,0.000000
235011.043694,1062.000000,424.625169,0.758352,0.423628
236000.034766,1067.000000,426.541246,1.916077,0.550760
237003.726144,1075.000000,430.034314,3.493068,0.724016
238000.012365,1080.000000,432.065040,2.030726,0.818334
239002.594995,1084.000000,433.304004,1.238964,0.365499
240011.050800,1088.000000,434.661810,1.357806,0.403252
241006.277297,1089.000000,434.915236,0.253426,0.253426
242006.113933,1094.000000,436.302249,1.387013,0.318384
243000.457908,1098.000000,437.678232,1.375983,0.457522
244000.071173,1101.000000,438.730201,1.051969,0.396565
245000.149355,1103.000000,439.271759,0.541558,0.299957
246000.005922,1107.000000,440.449553,1.177794,0.354816
247000.199438,1110.000000,441.245668,0.796115,0.298904
248000.032796,1113.000000,442.601693,1.356025,0.770412
249001.538350,1118.000000,444.386450,1.784757,0.452905
250004.318281,1121.000000,445.508791,1.122341,0.378291
250999.999649,1125.000000,446.712741,1.203950,0.375823
252000.795553,1129.000000,448.219352,1.506611,0.462482
253000.142450,1132.000000,449.133033,0.913681,0.364335
254003.310338,1137.000000,450.699838,1.566805,0.436202
255000.224011,1142.000000,452.921007,2.221169,0.736388
256001.076093,1144.000000,453.576304,0.655297,0.341574
257000.153121,1148.000000,454.735801,1.159497,0.328143
258001.532262,1153.000000,456.834619,2.098818,0.783768
259001.360163,1160.000000,460.135422,3.300803,0.590852
260000.008821,1165.000000,461.961025,1.825603,0.415327
261004.655843,1170.000000,463.756237,1.795212,0.454376
262002.592314,1176.000000,465.787213,2.030976,0.409098
263002.003398,1181.000000,467.832137,2.044924,0.699203
264000.001200,1186.000000,469.981966,2.149829,0.748288
265000.484259,1192.000000,472.113250,2.131284,0.393413
266000.057125,1196.000000,473.315009,1.201759,0.328257
267000.003403,1199.000000,474.567355,1.252346,0.564086
268005.508357,1202.000000,475.477884,0.910529,0.367542
268999.999936,1205.000000,476.219224,0.741340,0.276087
270000.179179,1209.000000,478.588198,2.368974,0.791837
271001.295542,1213.000000,479.895846,1.307648,0.409607
272000.053410,1217.000000,482.484418,2.588572,0.839956
272999.985065,1221.000000,483.636095,1.151677,0.324148
274000.000241,1225.000000,486.139587,2.503492,1.394586
274999.999624,1229.000000,487.691636,1.552049,0.485703
276000.926403,1233.000000,489.616490,1.924854,1.049880
277003.776368,1236.000000,490.618203,1.001713,0.399369
278000.000277,1240.000000,491.993294,1.375091,0.476003
279001.040882,1245.000000,493.532378,1.539084,0.410976
280001.910165,1249.000000,494.834658,1.302280,0.382595
281002.404987,1250.000000,495.108979,0.274321,0.274321
282003.980440,1252.000000,495.667702,0.558723,0.318111
283000.557098,1254.000000,496.303250,0.635548,0.394994
284000.205242,1257.000000,497.356003,1.052753,0.485829
285000.437050,1260.000000,499.158841,1.802838,0.802754
285999.999030,1263.000000,500.799849,1.641008,0.781458
287001.239878,1267.000000,501.947656,1.147807,0.353468
288000.015790,1269.000000,502.645454,0.697798,0.370896
289003.060441,1276.000000,504.682881,2.037427,0.366267
290000.013885,1279.000000,505.510216,0.827335,0.326364
291000.001567,1282.000000,506.400089,0.889873,0.336613
292000.131518,1288.000000,509.192377,2.792288,0.750896
293008.764887,1288.000000,509.192377,0.000000,0.000000
294000.116640,1294.000000,511.299185,2.106808,0.481873
295000.158906,1298.000000,512.491628,1.192443,0.391907
295999.999151,1303.000000,513.795425,1.303797,0.275239
297000.093105,1309.000000,516.878189,3.082764,0.683469
298001.163814,1315.000000,518.709401,1.831212,0.363054
299000.960420,1318.000000,520.172288,1.462887,0.513738
300000.003094,1325.000000,523.119323,2.947035,0.594697
301000.131662,1328.000000,523.861216,0.741893,0.265287
302004.302521,1332.000000,525.686736,1.825520,0.826463
303000.434774,1340.000000,528.166301,2.479565,0.407041
304000.068558,1342.000000,528.980774,0.814473,0.446009
305000.228461,1345.000000,529.980072,0.999298,0.365764
306000.142816,1347.000000,530.802521,0.822449,0.423622
307000.894805,1350.000000,531.828090,1.025569,0.386029
308000.196689,1354.000000,534.095069,2.266979,0.710574
309000.150371,1357.000000,535.036207,0.941138,0.332352
310002.060780,1361.000000,536.398475,1.362268,0.387457
311000.927343,1361.000000,536.398475,0.000000,0.000000
312000.266169,1368.000000,538.676608,2.278133,0.359675
313000.414072,1369.000000,538.888445,0.211837,0.211837
314008.239345,1369.000000,538.888445,0.000000,0.000000
315000.002710,1373.000000,540.726520,1.838075,0.858134
316000.097786,1380.000000,543.655281,2.928761,0.750408
317000.001748,1382.000000,544.381341,0.726060,0.406039
318001.797101,1385.000000,545.364247,0.982906,0.406981
319000.059629,1389.000000,546.586483,1.222236,0.353515
320000.003107,1395.000000,548.510027,1.923544,0.457104
321009.062111,1397.000000,549.156883,0.646856,0.399263
322000.916160,1401.000000,550.838763,1.681880,0.942652
323000.007088,1403.000000,551.479224,0.640461,0.418767
324001.500013,1408.000000,553.122564,1.643340,0.485506
324999.997885,1412.000000,555.277069,2.154505,0.778387
326000.001641,1419.000000,558.625670,3.348601,0.726143
327003.397122,1424.000000,560.096381,1.470711,0.411894
328001.100481,1426.000000,560.754038,0.657657,0.351852
329001.629521,1430.000000,562.144633,1.390595,0.472916
330001.782428,1434.000000,563.407137,1.262504,0.384921
331001.082449,1435.000000,564.123094,0.715957,0.715957
332000.978825,1438.000000,565.887580,1.764486,0.779831
333002.426768,1440.000000,566.521492,0.633912,0.333495
334001.236914,1441.000000,566.927785,0.406293,0.406293
335000.122984,1446.000000,569.094322,2.166537,0.513973
336000.125676,1450.000000,570.750815,1.656493,0.715986
337000.396523,1451.000000,571.031418,0.280603,0.280603
338000.414859,1452.000000,571.343347,0.311929,0.311929
339002.424195,1456.000000,572.530534,1.187187,0.407312
340003.746580,1463.000000,574.769586,2.239052,0.379583
341000.209626,1465.000000,575.540799,0.771213,0.416162
342000.169581,1469.000000,576.785288,1.244489,0.483907
343000.009162,1472.000000,577.805657,1.020369,0.379184
344000.838705,1477.000000,579.367992,1.562335,0.354422
345000.004006,1479.000000,580.004745,0.636753,0.386121
346000.000954,1484.000000,581.519508,1.514763,0.441978
346999.998870,1488.000000,582.503266,0.983758,0.270277
348001.479442,1492.000000,583.676707,1.173441,0.350017
349000.826243,1495.000000,584.552050,0.875343,0.344614
350003.299233,1498.000000,585.864798,1.312748,0.550754
351000.002099,1500.000000,586.542532,0.677734,0.426442
351999.999872,1501.000000,586.823565,0.281033,0.281033
353000.001410,1505.000000,588.029780,1.206215,0.336033
354000.056237,1514.000000,591.611173,3.581393,0.966746
355003.568789,1518.000000,592.869716,1.258543,0.375690
356001.511470,1520.000000,593.771983,0.902267,0.496151
357000.001150,1523.000000,594.750264,0.978281,0.379682
358000.058474,1526.000000,595.796156,1.045892,0.411340
359000.095337,1530.000000,597.147972,1.351816,0.422794
360000.004074,1530.000000,597.147972,0.000000,0.000000
361000.162787,1533.000000,599.506687,2.358715,1.685360
362001.876843,1536.000000,600.645394,1.138707,0.472096
363000.443900,1537.000000,600.992091,0.346697,0.346697
364000.701598,1538.000000,601.380489,0.388398,0.388398
