Time Recorded,Absolute Call Count,Absolute Total Duration,Relative Total Duration,Relative Max Duration
1000.107948,54.000000,0.313876,0.146121,0.007475
2000.004180,68.000000,0.394624,0.080748,0.007650
3000.593609,85.000000,0.516740,0.122116,0.015768
4000.068391,102.000000,0.640713,0.123973,0.009403
5000.000234,103.000000,0.644593,0.003880,0.003880
6000.086428,129.000000,0.808929,0.164336,0.011852
7008.631159,154.000000,0.995989,0.187060,0.029019
8000.078946,181.000000,1.182374,0.186385,0.011116
9000.093757,205.000000,1.922352,0.739978,0.544275
10000.002643,231.000000,2.135219,0.212867,0.032881
11003.272047,249.000000,2.264891,0.129672,0.008787
12000.676006,275.000000,2.454663,0.189772,0.008978
13000.455125,292.000000,2.610477,0.155814,0.039220
14002.559197,316.000000,2.780560,0.170083,0.011871
15000.019982,339.000000,2.939945,0.159385,0.010619
16000.153211,354.000000,3.046011,0.106066,0.008458
17000.039573,375.000000,3.203604,0.157593,0.009014
18000.085847,398.000000,3.469959,0.266355,0.064304
18999.998829,419.000000,3.616453,0.146494,0.008420
20000.345253,439.000000,3.758402,0.141949,0.008300
21000.613655,459.000000,3.910112,0.151710,0.009345
22000.218657,489.000000,4.134042,0.223930,0.009197
23000.555813,515.000000,4.329958,0.195916,0.009018
24000.247724,536.000000,4.517260,0.187302,0.038283
25000.179386,556.000000,4.669915,0.152655,0.017494
25999.998498,580.000000,4.868278,0.198363,0.016970
27000.003673,602.000000,5.027861,0.159583,0.009849
28001.045913,628.000000,5.218430,0.190569,0.016841
29000.183709,648.000000,5.360531,0.142101,0.008008
30000.005969,668.000000,5.505984,0.145453,0.010279
31000.236536,693.000000,5.687382,0.181398,0.009337
32004.587932,721.000000,5.884848,0.197466,0.009132
33000.385568,741.000000,6.030265,0.145417,0.017124
34000.259378,765.000000,6.189595,0.159330,0.010062
35000.032226,781.000000,6.306192,0.116597,0.008696
36001.636617,803.000000,6.475814,0.169622,0.017828
37002.359951,830.000000,6.697740,0.221926,0.027245
38000.948846,852.000000,6.852418,0.154678,0.011522
39001.654538,872.000000,6.999297,0.146879,0.009764
40000.001101,894.000000,7.156593,0.157296,0.007804
41000.019740,912.000000,7.285070,0.128477,0.016114
42000.038972,934.000000,7.441734,0.156664,0.008817
43000.426945,952.000000,7.571126,0.129392,0.008672
43999.997332,973.000000,7.733625,0.162499,0.017041
45000.141492,994.000000,9.748944,2.015319,1.870343
46000.003553,1009.000000,9.859267,0.110323,0.008054
47000.296954,1022.000000,9.945762,0.086495,0.007487
48000.082973,1042.000000,10.087877,0.142115,0.008334
49000.006598,1060.000000,10.220429,0.132552,0.009335
50000.131872,1079.000000,10.350142,0.129713,0.009651
51000.032479,1099.000000,10.500713,0.150571,0.017517
52000.142770,1119.000000,10.642237,0.141524,0.010043
53001.472175,1139.000000,10.788530,0.146293,0.009167
54002.292279,1157.000000,10.918895,0.130365,0.007846
55000.026382,1179.000000,11.072046,0.153151,0.008939
56000.088514,1197.000000,11.212832,0.140786,0.023207
57000.000834,1221.000000,11.376780,0.163948,0.009734
58000.003536,1239.000000,11.507033,0.130253,0.007948
59000.035447,1253.000000,11.606285,0.099252,0.008539
60000.172344,1269.000000,11.714669,0.108384,0.008223
61003.890558,1287.000000,11.841288,0.126619,0.009975
62000.006706,1305.000000,11.967428,0.126140,0.008036
63001.272735,1319.000000,12.066043,0.098615,0.007953
64000.284742,1335.000000,12.240178,0.174135,0.069022
65000.463675,1350.000000,12.346854,0.106676,0.008792
66001.205427,1358.000000,12.404368,0.057514,0.008261
67000.003103,1378.000000,12.678241,0.273873,0.133041
68000.458523,1390.000000,12.770880,0.092639,0.010009
69000.371160,1404.000000,12.974779,0.203899,0.069208
70000.125085,1417.000000,13.069938,0.095159,0.007992
71000.207291,1428.000000,13.152802,0.082864,0.015622
72000.003065,1434.000000,13.195470,0.042668,0.007224
73000.017348,1444.000000,13.267593,0.072123,0.009117
74000.461788,1457.000000,13.364757,0.097164,0.008506
75000.001562,1468.000000,13.447963,0.083206,0.009693
75999.999306,1487.000000,13.587532,0.139569,0.008175
77000.219759,1501.000000,13.689889,0.102357,0.009908
78000.036220,1513.000000,13.817430,0.127541,0.046661
78999.998804,1529.000000,13.930865,0.113435,0.008863
80005.694275,1541.000000,14.018398,0.087533,0.008290
81003.858418,1548.000000,14.071761,0.053363,0.008035
81999.994666,1561.000000,14.169789,0.098028,0.009931
83000.452817,1574.000000,14.268369,0.098580,0.016955
84000.120345,1585.000000,14.348232,0.079863,0.009462
85000.217458,1601.000000,14.456777,0.108545,0.008791
86000.180016,1615.000000,14.553819,0.097042,0.008180
87001.504802,1632.000000,14.679206,0.125387,0.017507
88000.001828,1645.000000,14.775093,0.095887,0.009509
89007.334837,1666.000000,14.913495,0.138402,0.008902
90000.001985,1670.000000,14.941230,0.027735,0.007986
91000.123680,1684.000000,15.048456,0.107226,0.010405
92000.926882,1700.000000,15.163800,0.115344,0.009538
93005.883185,1712.000000,15.248540,0.084740,0.009930
94000.818841,1729.000000,15.379763,0.131223,0.010613
95000.006332,1741.000000,15.465185,0.085422,0.008058
95999.999710,1755.000000,15.569832,0.104647,0.009827
97000.529452,1774.000000,15.713458,0.143626,0.009654
97999.999671,1782.000000,15.768699,0.055241,0.007365
99000.002672,1788.000000,15.811919,0.043220,0.008231
100000.002608,1803.000000,15.924535,0.112616,0.008409
101001.920694,1813.000000,16.066355,0.141820,0.073366
102002.974844,1821.000000,16.123146,0.056791,0.009776
103000.639075,1826.000000,16.159775,0.036629,0.007959
104002.207250,1836.000000,16.224936,0.065161,0.008618
105000.870767,1842.000000,16.258481,0.033545,0.007657
106000.085727,1852.000000,16.329680,0.071199,0.007936
107000.200380,1860.000000,16.387335,0.057655,0.008742
107999.998591,1867.000000,16.433736,0.046401,0.007819
109000.000301,1871.000000,16.461909,0.028173,0.007385
110007.079748,1877.000000,16.507329,0.045420,0.008659
111000.070229,1881.000000,16.536787,0.029458,0.007786
112000.039154,1890.000000,16.602579,0.065792,0.007811
113006.070144,1902.000000,16.687931,0.085352,0.008460
114000.024271,1910.000000,16.749639,0.061708,0.009017
115000.003352,1918.000000,16.804598,0.054959,0.008438
115999.998771,1924.000000,16.850341,0.045743,0.009070
117000.055011,1931.000000,16.904140,0.053799,0.009072
118000.059687,1941.000000,16.981770,0.077630,0.011244
119000.169430,1951.000000,17.049336,0.067566,0.007834
120000.023517,1965.000000,17.153079,0.103743,0.009061
121001.176228,1973.000000,17.216181,0.063102,0.009666
122000.794592,1987.000000,17.323640,0.107459,0.011412
123000.389134,1993.000000,17.362709,0.039069,0.008559
124000.343834,2000.000000,17.414417,0.051708,0.008155
125001.078490,2007.000000,17.466311,0.051894,0.008153
126000.414142,2019.000000,17.553303,0.086992,0.009419
127001.821865,2020.000000,17.555743,0.002440,0.002440
128000.033166,2027.000000,17.605971,0.050228,0.007713
128999.998518,2035.000000,17.663648,0.057677,0.007462
130002.585703,2042.000000,17.715444,0.051796,0.007822
131002.715287,2048.000000,17.754999,0.039555,0.008598
132000.074346,2054.000000,17.799551,0.044552,0.008366
133001.759521,2062.000000,17.857897,0.058346,0.007833
134009.416907,2064.000000,17.871411,0.013514,0.006998
135000.005291,2070.000000,17.913852,0.042441,0.007893
135999.994926,2080.000000,17.983334,0.069482,0.007921
137003.340270,2086.000000,18.029649,0.046315,0.008601
138000.135808,2088.000000,18.044053,0.014404,0.007258
139000.184979,2100.000000,18.130430,0.086377,0.010376
139999.999913,2104.000000,18.162529,0.032099,0.009653
141003.456716,2112.000000,18.220281,0.057752,0.007693
142000.198915,2124.000000,18.309635,0.089354,0.009345
143000.010590,2134.000000,18.387476,0.077841,0.009284
144001.205991,2141.000000,18.439715,0.052239,0.008232
145000.389043,2148.000000,18.484930,0.045215,0.007733
146000.026197,2160.000000,18.576946,0.092016,0.009013
147004.448353,2166.000000,18.613078,0.036132,0.008743
148000.229696,2179.000000,18.713126,0.100048,0.015291
149002.267458,2184.000000,18.745436,0.032310,0.007601
150000.001828,2192.000000,18.804844,0.059408,0.007966
151000.023404,2200.000000,18.860630,0.055786,0.009054
152001.362758,2208.000000,18.920016,0.059386,0.008838
153002.021591,2226.000000,19.055494,0.135478,0.010884
153999.998013,2234.000000,19.116182,0.060688,0.009881
155000.053357,2238.000000,19.144372,0.028190,0.010083
156009.528466,2244.000000,19.186358,0.041986,0.009706
157000.331784,2258.000000,19.284325,0.097967,0.008078
158000.047926,2264.000000,19.380492,0.096167,0.042671
159000.003120,2272.000000,19.441117,0.060625,0.008276
160000.001993,2286.000000,19.534532,0.093415,0.009230
161000.006577,2290.000000,19.564242,0.029710,0.008970
162000.012610,2294.000000,19.588041,0.023799,0.007068
163000.002217,2302.000000,19.648621,0.060580,0.011410
164000.037511,2315.000000,19.734841,0.086220,0.008006
165000.161629,2323.000000,19.794205,0.059364,0.008018
166000.034261,2335.000000,19.877838,0.083633,0.009578
167003.206891,2345.000000,19.945433,0.067595,0.007612
168000.039502,2351.000000,19.988907,0.043474,0.007830
169001.040023,2363.000000,20.078026,0.089119,0.009911
170002.031498,2369.000000,20.126402,0.048376,0.009499
171000.047707,2377.000000,20.177115,0.050713,0.008213
172002.352842,2385.000000,20.229389,0.052274,0.008093
173006.251299,2391.000000,20.276516,0.047127,0.008672
174000.105191,2401.000000,20.351234,0.074718,0.008356
175006.450125,2408.000000,20.402186,0.050952,0.008374
175999.998472,2414.000000,20.444376,0.042190,0.007597
177000.120445,2427.000000,20.548405,0.104029,0.012622
178000.005477,2439.000000,20.623551,0.075146,0.008544
179000.206659,2439.000000,20.623551,0.000000,0.000000
180009.985844,2449.000000,20.693647,0.070096,0.008395
181000.008563,2455.000000,20.732019,0.038372,0.007931
182000.023469,2461.000000,20.769192,0.037173,0.007063
183000.416664,2469.000000,20.824044,0.054852,0.008215
184001.164583,2479.000000,20.893863,0.069819,0.008549
185000.000959,2483.000000,20.924596,0.030733,0.008019
186012.535172,2488.000000,20.962401,0.037805,0.008957
187003.161292,2497.000000,21.028953,0.066552,0.007830
188000.000179,2499.000000,21.043787,0.014834,0.007632
189000.004594,2509.000000,21.110956,0.067169,0.009134
190001.284248,2513.000000,21.140602,0.029646,0.007580
191000.002195,2523.000000,21.214597,0.073995,0.007739
192000.013852,2523.000000,21.214597,0.000000,0.000000
193002.543930,2525.000000,21.226653,0.012056,0.009066
193999.999104,2531.000000,21.275097,0.048444,0.009754
195000.026435,2533.000000,21.289741,0.014644,0.007422
196000.240756,2543.000000,21.371611,0.081870,0.014366
197006.024839,2555.000000,21.446732,0.075121,0.008644
198000.554639,2563.000000,21.500275,0.053543,0.009290
199000.130492,2572.000000,21.565517,0.065242,0.009002
200000.841553,2578.000000,21.618316,0.052799,0.015184
201000.002714,2582.000000,21.647439,0.029123,0.007683
202001.250403,2592.000000,21.715428,0.067989,0.008048
203000.039614,2598.000000,21.759316,0.043888,0.007820
204000.205497,2608.000000,21.831761,0.072445,0.007833
205009.922915,2620.000000,21.962107,0.130346,0.044832
206000.132379,2629.000000,22.043035,0.080928,0.023958
207000.623860,2634.000000,22.071949,0.028914,0.007446
208005.204289,2643.000000,22.168304,0.096355,0.037998
209002.627006,2647.000000,22.192091,0.023787,0.007531
210005.293726,2654.000000,22.238907,0.046816,0.010854
211000.334579,2665.000000,22.341375,0.102468,0.031344
212000.865263,2668.000000,22.363188,0.021813,0.007374
213006.518650,2681.000000,22.489612,0.126424,0.038584
214003.322600,2686.000000,22.527465,0.037853,0.008769
215000.107388,2698.000000,22.617026,0.089561,0.008307
216000.038215,2709.000000,22.701589,0.084563,0.014294
217002.128480,2719.000000,22.765591,0.064002,0.008106
218000.694135,2727.000000,22.824169,0.058578,0.009429
219000.025062,2735.000000,22.882643,0.058474,0.008528
220000.136128,2747.000000,22.968366,0.085723,0.008276
221000.027512,2757.000000,23.040774,0.072408,0.008359
222006.523085,2761.000000,23.070947,0.030173,0.008049
223000.166881,2767.000000,23.111034,0.040087,0.008536
224000.030457,2775.000000,23.172389,0.061355,0.009572
225005.322146,2781.000000,23.215705,0.043316,0.007580
226000.047049,2786.000000,23.247500,0.031795,0.008071
227000.263372,2796.000000,23.312404,0.064904,0.007893
228000.024042,2811.000000,23.419143,0.106739,0.008935
229005.534045,2821.000000,23.489420,0.070277,0.008379
230000.003251,2826.000000,23.521531,0.032111,0.007856
231003.563173,2837.000000,23.607908,0.086377,0.009018
232001.184472,2843.000000,23.654417,0.046509,0.008955
232999.983055,2852.000000,23.719575,0.065158,0.008159
234006.320425,2853.000000,23.727536,0.007961,0.007961
235011.043694,2855.000000,23.736606,0.009070,0.006553
236000.034766,2868.000000,23.826207,0.089601,0.010015
237003.726144,2880.000000,23.904696,0.078489,0.007744
238000.012365,2891.000000,23.986767,0.082071,0.009194
239002.594995,2901.000000,24.054099,0.067332,0.007768
240011.050800,2907.000000,24.094206,0.040107,0.008095
241006.277297,2909.000000,24.108692,0.014486,0.007590
242006.113933,2919.000000,24.198368,0.089676,0.026170
243000.457908,2929.000000,24.289912,0.091544,0.030578
244000.071173,2936.000000,24.340819,0.050907,0.009345
245000.149355,2941.000000,24.376089,0.035270,0.007481
246000.005922,2951.000000,24.451523,0.075434,0.009267
247000.199438,2957.000000,24.495946,0.044423,0.008053
248000.032796,2965.000000,24.554052,0.058106,0.008112
249001.538350,2974.000000,24.618379,0.064327,0.010302
250004.318281,2981.000000,24.666060,0.047681,0.007924
250999.999649,2987.000000,24.705173,0.039113,0.008130
252000.795553,2993.000000,24.746256,0.041083,0.008901
253000.142450,3001.000000,24.808199,0.061943,0.008956
254003.310338,3011.000000,24.880085,0.071886,0.008754
255000.224011,3019.000000,24.933483,0.053398,0.007537
256001.076093,3031.000000,25.025513,0.092030,0.009431
257000.153121,3039.000000,25.086324,0.060811,0.008540
258001.532262,3047.000000,25.144415,0.058091,0.011357
259001.360163,3053.000000,25.174260,0.029845,0.008251
260000.008821,3061.000000,25.227389,0.053129,0.009465
261004.655843,3071.000000,25.299132,0.071743,0.008669
262002.592314,3083.000000,25.394646,0.095514,0.009517
263002.003398,3090.000000,25.444202,0.049556,0.008946
264000.001200,3102.000000,25.528004,0.083802,0.008782
265000.484259,3114.000000,25.614814,0.086810,0.010133
266000.057125,3122.000000,25.667590,0.052776,0.007724
267000.003403,3130.000000,25.728798,0.061208,0.009319
268005.508357,3138.000000,25.788204,0.059406,0.008964
268999.999936,3146.000000,25.846770,0.058566,0.007978
270000.179179,3158.000000,25.931764,0.084994,0.009394
271001.295542,3168.000000,26.000468,0.068704,0.007923
272000.053410,3175.000000,26.041441,0.040973,0.007384
272999.985065,3186.000000,26.122412,0.080971,0.008502
274000.000241,3194.000000,26.181237,0.058825,0.009654
274999.999624,3202.000000,26.239671,0.058434,0.010271
276000.926403,3211.000000,26.303103,0.063432,0.009102
277003.776368,3220.000000,26.363564,0.060461,0.008367
278000.000277,3234.000000,26.472484,0.108920,0.009772
279001.040882,3244.000000,26.545073,0.072589,0.008339
280001.910165,3254.000000,26.620514,0.075441,0.008979
281002.404987,3258.000000,26.650268,0.029754,0.007805
282003.980440,3265.000000,26.702514,0.052246,0.008144
283000.557098,3271.000000,26.747455,0.044941,0.007995
284000.205242,3277.000000,26.792838,0.045383,0.008411
285000.437050,3281.000000,26.817916,0.025078,0.007508
285999.999030,3289.000000,26.878820,0.060904,0.009151
287001.239878,3299.000000,26.952890,0.074070,0.008104
288000.015790,3305.000000,26.992451,0.039561,0.009176
289003.060441,3319.000000,27.094436,0.101985,0.008193
290000.013885,3326.000000,27.145426,0.050990,0.008011
291000.001567,3334.000000,27.202503,0.057077,0.007416
292000.131518,3346.000000,27.282091,0.079588,0.008304
293008.764887,3350.000000,27.311765,0.029674,0.007652
294000.116640,3362.000000,27.397871,0.086106,0.008773
295000.158906,3370.000000,27.449660,0.051789,0.007586
295999.999151,3383.000000,27.545692,0.096032,0.009359
297000.093105,3394.000000,27.616235,0.070543,0.007526
298001.163814,3409.000000,27.725172,0.108937,0.008606
299000.960420,3414.000000,27.753440,0.028268,0.008313
300000.003094,3425.000000,27.827303,0.073863,0.010000
301000.131662,3433.000000,27.888630,0.061327,0.009760
302004.302521,3445.000000,27.979122,0.090492,0.009180
303000.434774,3461.000000,28.097319,0.118197,0.009666
304000.068558,3467.000000,28.137781,0.040462,0.008324
305000.228461,3473.000000,28.176925,0.039144,0.007400
306000.142816,3475.000000,28.187766,0.010841,0.007521
307000.894805,3484.000000,28.258015,0.070249,0.011744
308000.196689,3490.000000,28.294682,0.036667,0.007936
309000.150371,3496.000000,28.342067,0.047385,0.009564
310002.060780,3502.000000,28.380116,0.038049,0.007282
311000.927343,3502.000000,28.380116,0.000000,0.000000
312000.266169,3514.000000,28.522827,0.142711,0.066001
313000.414072,3518.000000,28.554584,0.031757,0.009758
314008.239345,3529.000000,28.647888,0.093304,0.017168
315000.002710,3535.000000,28.686404,0.038516,0.007494
316000.097786,3551.000000,28.820811,0.134407,0.027148
317000.001748,3555.000000,28.849933,0.029122,0.007701
318001.797101,3561.000000,28.893450,0.043517,0.007586
319000.059629,3569.000000,28.967770,0.074320,0.024281
320000.003107,3579.000000,29.040802,0.073032,0.009286
321009.062111,3591.000000,29.129698,0.088896,0.007881
322000.916160,3598.000000,29.201053,0.071355,0.022833
323000.007088,3604.000000,29.248668,0.047615,0.010402
324001.500013,3616.000000,29.339174,0.090506,0.008761
324999.997885,3626.000000,29.407970,0.068796,0.009881
326000.001641,3636.000000,29.474193,0.066223,0.009209
327003.397122,3646.000000,29.549804,0.075611,0.009741
328001.100481,3658.000000,29.641363,0.091559,0.009682
329001.629521,3666.000000,29.699750,0.058387,0.007780
330001.782428,3680.000000,29.802537,0.102787,0.008704
331001.082449,3682.000000,29.818060,0.015523,0.007937
332000.978825,3686.000000,29.842796,0.024736,0.007516
333002.426768,3695.000000,29.911215,0.068419,0.009930
334001.236914,3697.000000,29.925863,0.014648,0.007364
335000.122984,3705.000000,29.978100,0.052237,0.008583
336000.125676,3713.000000,30.039876,0.061776,0.009247
337000.396523,3719.000000,30.083813,0.043937,0.007715
338000.414859,3721.000000,30.098805,0.014992,0.007625
339002.424195,3731.000000,30.173935,0.075130,0.008626
340003.746580,3745.000000,30.268984,0.095049,0.008614
341000.209626,3749.000000,30.302474,0.033490,0.009678
342000.169581,3759.000000,30.373569,0.071095,0.007507
343000.009162,3768.000000,30.439816,0.066247,0.008626
344000.838705,3776.000000,30.492457,0.052641,0.007913
345000.004006,3784.000000,30.551386,0.058929,0.008217
346000.000954,3802.000000,30.684263,0.132877,0.008608
346999.998870,3814.000000,30.771395,0.087132,0.009583
348001.479442,3826.000000,30.859698,0.088303,0.008933
349000.826243,3832.000000,30.903170,0.043472,0.008112
350003.299233,3841.000000,30.974272,0.071102,0.009504
351000.002099,3846.000000,31.010023,0.035751,0.008205
351999.999872,3848.000000,31.024980,0.014957,0.007494
353000.001410,3856.000000,31.084444,0.059464,0.009167
354000.056237,3868.000000,31.162904,0.078460,0.007635
355003.568789,3876.000000,31.216250,0.053346,0.007939
356001.511470,3880.000000,31.242741,0.026491,0.008895
357000.001150,3890.000000,31.322157,0.079416,0.008767
358000.058474,3898.000000,31.382617,0.060460,0.008162
359000.095337,3904.000000,31.423790,0.041173,0.007591
360000.004074,3904.000000,31.423790,0.000000,0.000000
361000.162787,3910.000000,31.464505,0.040715,0.007938
362001.876843,3918.000000,31.526929,0.062424,0.008893
363000.443900,3924.000000,31.571757,0.044828,0.007955
364000.701598,3930.000000,31.619482,0.047725,0.009133
