Time Recorded,Absolute Call Count,Absolute Total Duration,Relative Total Duration,Relative Max Duration
1000.107948,320.000000,1.227970,0.550408,0.021039
2000.004180,408.000000,1.560226,0.332256,0.006568
3000.593609,510.000000,1.965354,0.405128,0.015619
4000.068391,609.000000,2.915502,0.950148,0.568913
5000.000234,615.000000,2.939522,0.024020,0.004803
6000.086428,776.000000,3.576487,0.636965,0.021934
7008.631159,937.000000,4.176453,0.599966,0.006520
8000.078946,1089.000000,4.738063,0.561610,0.006176
9000.093757,1228.000000,5.266782,0.528719,0.011622
10000.002643,1376.000000,5.824037,0.557255,0.020041
11003.272047,1521.000000,6.390294,0.566257,0.019795
12000.676006,1680.000000,6.982647,0.592353,0.005825
13000.455125,1812.000000,7.478598,0.495951,0.012221
14002.559197,1947.000000,8.002355,0.523757,0.028794
15000.019982,2089.000000,8.539576,0.537221,0.005577
16000.153211,2215.000000,9.020563,0.480987,0.016859
17000.039573,2362.000000,9.571893,0.551330,0.006932
18000.085847,2501.000000,10.140739,0.568846,0.070519
18999.998829,2630.000000,10.607734,0.466995,0.005463
20000.345253,2753.000000,11.088507,0.480773,0.020075
21000.613655,2887.000000,11.774096,0.685589,0.169782
22000.218657,3057.000000,12.390608,0.616512,0.009790
23000.555813,3219.000000,13.073369,0.682761,0.042114
24000.247724,3355.000000,13.597316,0.523947,0.013247
25000.179386,3492.000000,14.178749,0.581433,0.053837
25999.998498,3634.000000,14.750656,0.571907,0.032848
27000.003673,3769.000000,15.274690,0.524034,0.013296
28001.045913,3924.000000,15.897636,0.622946,0.012367
29000.183709,4053.000000,16.374475,0.476839,0.023564
30000.005969,4188.000000,16.881558,0.507083,0.012476
31000.236536,4333.000000,17.474635,0.593077,0.036334
32004.587932,4497.000000,18.086037,0.611402,0.013195
33000.385568,4631.000000,18.647978,0.561941,0.058731
34000.259378,4786.000000,19.305107,0.657129,0.087574
35000.032226,4903.000000,19.763156,0.458049,0.028155
36001.636617,5040.000000,20.268606,0.505450,0.013750
37002.359951,5196.000000,24.268162,3.999556,3.417203
38000.948846,5351.000000,25.100686,0.832524,0.190658
39001.654538,5477.000000,25.566888,0.466202,0.011427
40000.001101,5617.000000,26.100595,0.533707,0.034338
41000.019740,5741.000000,26.623865,0.523270,0.052677
42000.038972,5880.000000,27.139641,0.515776,0.019206
43000.426945,6006.000000,27.603231,0.463590,0.010686
43999.997332,6136.000000,28.079954,0.476723,0.005287
45000.141492,6266.000000,28.553621,0.473667,0.005972
46000.003553,6373.000000,30.594505,2.040884,1.660460
47000.296954,6458.000000,30.915343,0.320838,0.006169
48000.082973,6581.000000,31.355060,0.439717,0.005366
49000.006598,6701.000000,31.825050,0.469990,0.039961
50000.131872,6829.000000,32.312574,0.487524,0.016922
51000.032479,6966.000000,32.811211,0.498637,0.013097
52000.142770,7100.000000,33.300749,0.489538,0.005621
53001.472175,7234.000000,33.784889,0.484140,0.005511
54002.292279,7364.000000,34.252778,0.467889,0.005386
55000.026382,7520.000000,35.073206,0.820428,0.236217
56000.088514,7667.000000,35.611551,0.538345,0.006248
57000.000834,7828.000000,36.224381,0.612830,0.019733
58000.003536,7972.000000,36.771179,0.546798,0.021957
59000.035447,8094.000000,37.215794,0.444615,0.005822
60000.172344,8224.000000,37.694286,0.478492,0.006055
61003.890558,8359.000000,38.238782,0.544496,0.041140
62000.006706,8508.000000,38.784468,0.545686,0.006542
63001.272735,8641.000000,39.274870,0.490402,0.005696
64000.284742,8770.000000,39.750259,0.475389,0.005969
65000.463675,8895.000000,40.219347,0.469088,0.020207
66001.205427,9007.000000,40.639216,0.419869,0.009765
67000.003103,9146.000000,41.156161,0.516945,0.006864
68000.458523,9270.000000,41.612997,0.456836,0.005605
69000.371160,9380.000000,42.036572,0.423575,0.020968
70000.125085,9486.000000,42.422460,0.385888,0.005452
71000.207291,9588.000000,42.855233,0.432773,0.069543
72000.003065,9674.000000,43.170257,0.315024,0.005654
73000.017348,9776.000000,43.559340,0.389083,0.013920
74000.461788,9889.000000,43.994189,0.434849,0.019943
75000.001562,10002.000000,44.404126,0.409937,0.005018
75999.999306,10155.000000,45.006288,0.602162,0.045414
77000.219759,10276.000000,45.535646,0.529358,0.087472
78000.036220,10404.000000,46.028301,0.492655,0.019774
78999.998804,10549.000000,46.565675,0.537374,0.021402
80005.694275,10681.000000,47.050554,0.484879,0.005964
81003.858418,10794.000000,47.470332,0.419778,0.005740
81999.994666,10913.000000,47.918436,0.448104,0.014039
83000.452817,11045.000000,48.395620,0.477184,0.006148
84000.120345,11170.000000,48.862588,0.466968,0.014444
85000.217458,11306.000000,49.386998,0.524410,0.015288
86000.180016,11438.000000,49.892216,0.505218,0.018809
87001.504802,11581.000000,50.424253,0.532037,0.020553
88000.001828,11704.000000,50.961357,0.537104,0.094302
89007.334837,11854.000000,51.534364,0.573007,0.027803
90000.001985,11963.000000,51.939341,0.404977,0.005203
91000.123680,12092.000000,52.424207,0.484866,0.011829
92000.926882,12237.000000,52.995071,0.570864,0.051093
93005.883185,12361.000000,53.475623,0.480552,0.012287
94000.818841,12490.000000,53.946610,0.470987,0.006552
95000.006332,12620.000000,54.431097,0.484487,0.015083
95999.999710,12750.000000,54.932692,0.501595,0.024305
97000.529452,12899.000000,55.555000,0.622308,0.050314
97999.999671,13015.000000,55.997126,0.442126,0.020835
99000.002672,13109.000000,56.340492,0.343366,0.005139
100000.002608,13242.000000,56.919849,0.579357,0.072401
101001.920694,13364.000000,57.369955,0.450106,0.004996
102002.974844,13479.000000,57.793651,0.423696,0.009949
103000.639075,13590.000000,58.205221,0.411570,0.005320
104002.207250,13714.000000,58.671479,0.466258,0.005854
105000.870767,13826.000000,59.080410,0.408931,0.005350
106000.085727,13920.000000,59.422825,0.342415,0.011610
107000.200380,14036.000000,59.848419,0.425594,0.005343
107999.998591,14152.000000,60.272126,0.423707,0.005013
109000.000301,14254.000000,60.651140,0.379014,0.005616
110007.079748,14368.000000,61.085717,0.434577,0.005999
111000.070229,14464.000000,61.494967,0.409250,0.061795
112000.039154,14567.000000,61.878996,0.384029,0.006109
113006.070144,14702.000000,62.383393,0.504397,0.006711
114000.024271,14822.000000,62.878857,0.495464,0.027834
115000.003352,14937.000000,63.389255,0.510398,0.046221
115999.998771,15035.000000,63.778692,0.389437,0.034330
117000.055011,15146.000000,64.186795,0.408103,0.005988
118000.059687,15256.000000,64.614614,0.427819,0.014286
119000.169430,15375.000000,65.070037,0.455423,0.016969
120000.023517,15508.000000,65.560009,0.489972,0.006023
121001.176228,15624.000000,66.220684,0.660675,0.165520
122000.794592,15741.000000,66.652808,0.432124,0.006825
123000.389134,15846.000000,67.039407,0.386599,0.005780
124000.343834,15945.000000,67.407874,0.368467,0.005506
125001.078490,16060.000000,67.844836,0.436962,0.020514
126000.414142,16186.000000,68.315875,0.471039,0.012887
127001.821865,16274.000000,68.642184,0.326309,0.013792
128000.033166,16387.000000,69.059226,0.417042,0.005460
128999.998518,16507.000000,69.490486,0.431260,0.004988
130002.585703,16598.000000,69.825961,0.335475,0.005395
131002.715287,16711.000000,70.247899,0.421938,0.009945
132000.074346,16821.000000,70.658924,0.411025,0.005499
133001.759521,16929.000000,71.046768,0.387844,0.004671
134009.416907,17031.000000,71.417219,0.370451,0.005172
135000.005291,17143.000000,71.842707,0.425488,0.025095
135999.994926,17242.000000,72.202352,0.359645,0.005530
137003.340270,17350.000000,72.606641,0.404289,0.005815
138000.135808,17446.000000,72.961199,0.354558,0.005134
139000.184979,17574.000000,73.559460,0.598261,0.062470
139999.999913,17682.000000,73.989338,0.429878,0.024305
141003.456716,17802.000000,74.437109,0.447771,0.005403
142000.198915,17902.000000,74.807531,0.370422,0.005590
143000.010590,18018.000000,75.240770,0.433239,0.010125
144001.205991,18135.000000,75.701925,0.461155,0.025380
145000.389043,18253.000000,76.130623,0.428698,0.005885
146000.026197,18381.000000,76.604115,0.473492,0.005918
147004.448353,18489.000000,77.011903,0.407788,0.016723
148000.229696,18595.000000,77.489793,0.477890,0.038541
149002.267458,18699.000000,77.894833,0.405040,0.013061
150000.001828,18813.000000,78.316251,0.421418,0.006144
151000.023404,18932.000000,78.768091,0.451840,0.011832
152001.362758,19048.000000,79.279911,0.511820,0.084362
153002.021591,19185.000000,81.055839,1.775928,1.265530
153999.998013,19265.000000,81.345925,0.290086,0.005925
155000.053357,19362.000000,81.712202,0.366277,0.005999
156009.528466,19473.000000,82.143861,0.431659,0.016683
157000.331784,19606.000000,82.670090,0.526229,0.047228
158000.047926,19712.000000,83.060119,0.390029,0.006390
159000.003120,19818.000000,83.441894,0.381775,0.005771
160000.001993,19932.000000,83.870887,0.428993,0.009984
161000.006577,20040.000000,84.268703,0.397816,0.005294
162000.012610,20143.000000,84.646787,0.378084,0.013071
163000.002217,20258.000000,85.127633,0.480846,0.039255
164000.037511,20391.000000,85.615611,0.487978,0.005763
165000.161629,20503.000000,86.056447,0.440836,0.022980
166000.034261,20594.000000,86.397208,0.340761,0.007407
167003.206891,20715.000000,86.858578,0.461370,0.022222
168000.039502,20829.000000,87.274938,0.416360,0.005167
169001.040023,20956.000000,87.740459,0.465521,0.005189
170002.031498,21064.000000,88.135624,0.395165,0.007205
171000.047707,21184.000000,88.578119,0.442495,0.005571
172002.352842,21283.000000,88.954768,0.376649,0.019716
173006.251299,21399.000000,89.401221,0.446453,0.022890
174000.105191,21519.000000,89.845526,0.444305,0.006268
175006.450125,21628.000000,90.245013,0.399487,0.015401
175999.998472,21738.000000,90.649261,0.404248,0.006708
177000.120445,21869.000000,91.139123,0.489862,0.005621
178000.005477,21970.000000,91.517923,0.378800,0.005754
179000.206659,22058.000000,91.839759,0.321836,0.004845
180009.985844,22171.000000,92.258783,0.419024,0.013434
181000.008563,22258.000000,92.564636,0.305853,0.005023
182000.023469,22351.000000,92.898941,0.334305,0.005266
183000.416664,22454.000000,93.300507,0.401566,0.018474
184001.164583,22531.000000,93.581138,0.280631,0.005246
185000.000959,22611.000000,93.879098,0.297960,0.005668
186012.535172,22696.000000,94.180849,0.301751,0.004540
187003.161292,22797.000000,94.557563,0.376714,0.015098
188000.000179,22883.000000,94.869140,0.311577,0.005628
189000.004594,22987.000000,95.250818,0.381678,0.005743
190001.284248,23059.000000,95.566065,0.315247,0.053149
191000.002195,23153.000000,95.960286,0.394221,0.021274
192000.013852,23221.000000,96.199478,0.239192,0.004524
193002.543930,23306.000000,96.525626,0.326148,0.011662
193999.999104,23392.000000,96.865800,0.340174,0.034861
195000.026435,23494.000000,97.228576,0.362776,0.005080
196000.240756,23592.000000,97.592698,0.364122,0.005582
197006.024839,23709.000000,98.020148,0.427450,0.005556
198000.554639,23819.000000,98.424072,0.403924,0.005528
199000.130492,23943.000000,98.881366,0.457294,0.006027
200000.841553,24061.000000,99.316352,0.434986,0.005724
201000.002714,24167.000000,99.704010,0.387658,0.005636
202001.250403,24258.000000,100.038331,0.334321,0.006086
203000.039614,24366.000000,100.430424,0.392093,0.005226
204000.205497,24484.000000,100.863760,0.433336,0.007152
205009.922915,24603.000000,101.310079,0.446319,0.006297
206000.132379,24723.000000,101.765907,0.455828,0.019607
207000.623860,24814.000000,102.135998,0.370091,0.041741
208005.204289,24913.000000,102.501657,0.365659,0.005832
209002.627006,25016.000000,102.866910,0.365253,0.005916
210005.293726,25133.000000,103.350816,0.483906,0.044762
211000.334579,25265.000000,103.830183,0.479367,0.005875
212000.865263,25370.000000,104.225590,0.395407,0.006327
213006.518650,25491.000000,104.683667,0.458077,0.020679
214003.322600,25578.000000,105.016742,0.333075,0.016716
215000.107388,25702.000000,105.469195,0.452453,0.006019
216000.038215,25826.000000,105.933688,0.464493,0.018346
217002.128480,25946.000000,106.369882,0.436194,0.006200
218000.694135,26047.000000,106.760359,0.390477,0.019797
219000.025062,26161.000000,107.173914,0.413555,0.005995
220000.136128,26272.000000,107.732354,0.558440,0.147368
221000.027512,26398.000000,108.202127,0.469773,0.022224
222006.523085,26510.000000,108.622032,0.419905,0.011535
223000.166881,26611.000000,108.983907,0.361875,0.005452
224000.030457,26729.000000,109.424067,0.440160,0.005826
225005.322146,26837.000000,109.847083,0.423016,0.022705
226000.047049,26923.000000,110.162912,0.315829,0.005483
227000.263372,27038.000000,110.585885,0.422973,0.004913
228000.024042,27171.000000,111.071925,0.486040,0.006244
229005.534045,27276.000000,111.512997,0.441072,0.053157
230000.003251,27380.000000,111.890416,0.377419,0.005108
231003.563173,27505.000000,112.368545,0.478129,0.013157
232001.184472,27595.000000,112.741097,0.372552,0.046325
232999.983055,27716.000000,113.214128,0.473031,0.021870
234006.320425,27805.000000,113.526919,0.312791,0.005606
235011.043694,27902.000000,113.883383,0.356464,0.010155
236000.034766,28027.000000,114.343062,0.459679,0.005797
237003.726144,28149.000000,114.804589,0.461527,0.006349
238000.012365,28253.000000,115.201745,0.397156,0.005861
239002.594995,28364.000000,115.689587,0.487842,0.088799
240011.050800,28471.000000,116.112243,0.422656,0.019528
241006.277297,28587.000000,116.530696,0.418453,0.005270
242006.113933,28707.000000,117.165836,0.635140,0.202828
243000.457908,28824.000000,117.635118,0.469282,0.025141
244000.071173,28918.000000,118.170087,0.534969,0.147643
245000.149355,29021.000000,118.546814,0.376727,0.006327
246000.005922,29143.000000,118.983626,0.436812,0.004970
247000.199438,29253.000000,119.404175,0.420549,0.022892
248000.032796,29365.000000,119.808453,0.404278,0.004901
249001.538350,29481.000000,120.318389,0.509936,0.046331
250004.318281,29563.000000,120.622230,0.303841,0.007634
250999.999649,29676.000000,121.107925,0.485695,0.074365
252000.795553,29785.000000,121.515380,0.407455,0.007066
253000.142450,29901.000000,122.031039,0.515659,0.051614
254003.310338,30022.000000,122.485524,0.454485,0.005964
255000.224011,30125.000000,123.070428,0.584904,0.225215
256001.076093,30225.000000,123.540692,0.470264,0.075156
257000.153121,30347.000000,124.020142,0.479450,0.025357
258001.532262,30462.000000,124.458246,0.438104,0.016909
259001.360163,30572.000000,124.905455,0.447209,0.040575
260000.008821,30682.000000,125.370958,0.465503,0.048660
261004.655843,30795.000000,125.786922,0.415964,0.005603
262002.592314,30895.000000,126.162969,0.376047,0.007837
263002.003398,31007.000000,126.685039,0.522070,0.083717
264000.001200,31134.000000,127.147762,0.462723,0.006688
265000.484259,31257.000000,127.670185,0.522423,0.069592
266000.057125,31366.000000,128.066688,0.396503,0.005676
267000.003403,31486.000000,128.504200,0.437512,0.006695
268005.508357,31582.000000,128.870404,0.366204,0.011981
268999.999936,31698.000000,129.309820,0.439416,0.020478
270000.179179,31820.000000,131.717835,2.408015,1.945677
271001.295542,31937.000000,132.151308,0.433473,0.010305
272000.053410,32048.000000,132.564791,0.413483,0.005231
272999.985065,32171.000000,133.013828,0.449037,0.005740
274000.000241,32264.000000,133.362174,0.348346,0.006231
274999.999624,32375.000000,133.775218,0.413044,0.006821
276000.926403,32493.000000,134.223708,0.448490,0.015692
277003.776368,32615.000000,134.717221,0.493513,0.044912
278000.000277,32745.000000,135.251894,0.534673,0.048675
279001.040882,32871.000000,135.705499,0.453605,0.005119
280001.910165,32975.000000,136.122679,0.417180,0.025291
281002.404987,33081.000000,136.515799,0.393120,0.005753
282003.980440,33202.000000,136.962498,0.446699,0.005887
283000.557098,33300.000000,137.326160,0.363662,0.010963
284000.205242,33418.000000,137.770841,0.444681,0.009609
285000.437050,33529.000000,138.173001,0.402160,0.005165
285999.999030,33633.000000,138.562355,0.389354,0.005081
287001.239878,33759.000000,139.037100,0.474745,0.012397
288000.015790,33866.000000,139.524674,0.487574,0.088232
289003.060441,33998.000000,140.013913,0.489239,0.005404
290000.013885,34111.000000,140.438238,0.424325,0.006255
291000.001567,34219.000000,140.828220,0.389982,0.005225
292000.131518,34327.000000,141.267229,0.439009,0.040813
293008.764887,34431.000000,141.659942,0.392713,0.006445
294000.116640,34552.000000,142.108642,0.448700,0.005939
295000.158906,34665.000000,142.515721,0.407079,0.005958
295999.999151,34798.000000,143.172675,0.656954,0.132098
297000.093105,34915.000000,143.603804,0.431129,0.005569
298001.163814,35034.000000,144.048183,0.444379,0.005693
299000.960420,35145.000000,144.453961,0.405778,0.005043
300000.003094,35264.000000,144.894197,0.440236,0.011116
301000.131662,35390.000000,145.360829,0.466632,0.005913
302004.302521,35512.000000,145.820458,0.459629,0.008736
303000.434774,35648.000000,146.323210,0.502752,0.006687
304000.068558,35735.000000,146.945714,0.622504,0.298948
305000.228461,35824.000000,147.268669,0.322955,0.007440
306000.142816,35909.000000,147.601841,0.333172,0.027435
307000.894805,36012.000000,147.985282,0.383441,0.005275
308000.196689,36096.000000,148.401570,0.416288,0.105888
309000.150371,36174.000000,148.704249,0.302679,0.012798
310002.060780,36255.000000,149.002337,0.298088,0.007001
311000.927343,36357.000000,149.373364,0.371027,0.005679
312000.266169,36476.000000,149.831784,0.458420,0.021102
313000.414072,36572.000000,150.190900,0.359116,0.013646
314008.239345,36687.000000,150.631520,0.440620,0.013300
315000.002710,36788.000000,151.012704,0.381184,0.019346
316000.097786,36891.000000,151.853992,0.841288,0.407309
317000.001748,37007.000000,152.278281,0.424289,0.005462
318001.797101,37121.000000,152.705054,0.426773,0.015192
319000.059629,37237.000000,153.127427,0.422373,0.004970
320000.003107,37350.000000,153.543866,0.416439,0.005143
321009.062111,37462.000000,153.945222,0.401356,0.005197
322000.916160,37562.000000,154.363783,0.418561,0.045265
323000.007088,37680.000000,154.857459,0.493676,0.064956
324001.500013,37806.000000,155.373774,0.516315,0.051614
324999.997885,37929.000000,155.823664,0.449890,0.005311
326000.001641,38039.000000,156.242924,0.419260,0.018931
327003.397122,38155.000000,156.673532,0.430608,0.006786
328001.100481,38267.000000,157.085927,0.412395,0.006862
329001.629521,38383.000000,157.515783,0.429856,0.007076
330001.782428,38519.000000,158.010097,0.494314,0.005542
331001.082449,38603.000000,158.324896,0.314799,0.012509
332000.978825,38690.000000,158.651215,0.326319,0.013562
333002.426768,38803.000000,159.102489,0.451274,0.021799
334001.236914,38881.000000,159.392781,0.290292,0.005496
335000.122984,38981.000000,159.767317,0.374536,0.005900
336000.125676,39083.000000,160.165939,0.398622,0.016821
337000.396523,39187.000000,160.547293,0.381354,0.013524
338000.414859,39285.000000,161.075741,0.528448,0.116779
339002.424195,39395.000000,161.477983,0.402242,0.005729
340003.746580,39479.000000,161.785756,0.307773,0.005054
341000.209626,39559.000000,162.081913,0.296157,0.006075
342000.169581,39673.000000,162.492976,0.411063,0.005735
343000.009162,39780.000000,162.903486,0.410510,0.019655
344000.838705,39895.000000,163.607854,0.704368,0.151165
345000.004006,40011.000000,164.028433,0.420579,0.006735
346000.000954,40137.000000,164.573782,0.545349,0.067897
346999.998870,40265.000000,165.049148,0.475366,0.017961
348001.479442,40377.000000,165.458938,0.409790,0.015790
349000.826243,40483.000000,165.841789,0.382851,0.005409
350003.299233,40604.000000,166.291961,0.450172,0.005831
351000.002099,40717.000000,166.701543,0.409582,0.005486
351999.999872,40797.000000,166.996104,0.294561,0.006339
353000.001410,40905.000000,167.402162,0.406058,0.021495
354000.056237,41027.000000,167.875691,0.473529,0.024216
355003.568789,41136.000000,168.276985,0.401294,0.005160
356001.511470,41237.000000,168.649420,0.372435,0.005851
357000.001150,41355.000000,169.097087,0.447667,0.006388
358000.058474,41455.000000,169.478585,0.381498,0.011108
359000.095337,41550.000000,169.830619,0.352034,0.005686
360000.004074,41628.000000,170.111599,0.280980,0.004734
361000.162787,41721.000000,170.518095,0.406496,0.041043
362001.876843,41827.000000,170.929672,0.411577,0.013207
363000.443900,41933.000000,171.364904,0.435232,0.055482
364000.701598,42017.000000,171.676607,0.311703,0.005084
