Time Recorded,Absolute Call Count,Absolute Total Duration,Relative Total Duration,Relative Max Duration
1000.107948,220.000000,1.780122,0.901098,0.208095
2000.004180,279.000000,2.190071,0.409949,0.009818
3000.593609,343.000000,2.648763,0.458692,0.015716
4000.068391,401.000000,3.055154,0.406391,0.008996
5000.000234,407.000000,3.098191,0.043037,0.008145
6000.086428,511.000000,3.872273,0.774082,0.029245
7008.631159,602.000000,4.535975,0.663702,0.028447
8000.078946,680.000000,5.262120,0.726145,0.114575
9000.093757,755.000000,5.802121,0.540001,0.023312
10000.002643,828.000000,6.355621,0.553500,0.047514
11003.272047,899.000000,6.849181,0.493560,0.008392
12000.676006,975.000000,7.423757,0.574576,0.027063
13000.455125,1041.000000,7.891097,0.467340,0.018024
14002.559197,1115.000000,8.469831,0.578734,0.070031
15000.019982,1190.000000,8.998728,0.528897,0.009288
16000.153211,1252.000000,9.467764,0.469036,0.030029
17000.039573,1323.000000,10.091364,0.623600,0.128023
18000.085847,1393.000000,10.578434,0.487070,0.016034
18999.998829,1456.000000,12.572553,1.994119,1.538768
20000.345253,1511.000000,12.961616,0.389063,0.014798
21000.613655,1569.000000,13.374691,0.413075,0.015998
22000.218657,1641.000000,13.866528,0.491837,0.008327
23000.555813,1711.000000,14.444513,0.577985,0.048867
24000.247724,1771.000000,14.878348,0.433835,0.017243
25000.179386,1833.000000,15.341823,0.463475,0.019322
25999.998498,1898.000000,16.292360,0.950537,0.476208
27000.003673,1959.000000,16.761517,0.469157,0.033770
28001.045913,2032.000000,17.851870,1.090353,0.288774
29000.183709,2089.000000,18.257418,0.405548,0.017005
30000.005969,2152.000000,18.782871,0.525453,0.056904
31000.236536,2216.000000,19.272654,0.489783,0.021957
32004.587932,2291.000000,19.857051,0.584397,0.040009
33000.385568,2358.000000,20.394582,0.537531,0.038833
34000.259378,2433.000000,20.933768,0.539186,0.016357
35000.032226,2485.000000,21.296808,0.363040,0.008272
36001.636617,2549.000000,21.737439,0.440631,0.008036
37002.359951,2620.000000,22.290748,0.553309,0.026703
38000.948846,2695.000000,23.048610,0.757862,0.243509
39001.654538,2750.000000,23.439901,0.391291,0.019652
40000.001101,2812.000000,23.867875,0.427974,0.008165
41000.019740,2870.000000,24.313598,0.445723,0.039826
42000.038972,2932.000000,24.746544,0.432946,0.014432
43000.426945,2988.000000,25.158579,0.412035,0.031694
43999.997332,3047.000000,25.565716,0.407137,0.009464
45000.141492,3106.000000,25.991027,0.425311,0.024086
46000.003553,3153.000000,26.317147,0.326120,0.008326
47000.296954,3194.000000,26.793308,0.476161,0.165545
48000.082973,3251.000000,27.187224,0.393916,0.008590
49000.006598,3305.000000,27.565586,0.378362,0.011415
50000.131872,3368.000000,28.002201,0.436615,0.009348
51000.032479,3428.000000,28.415021,0.412820,0.008204
52000.142770,3492.000000,28.861391,0.446370,0.009011
53001.472175,3554.000000,29.296575,0.435184,0.014017
54002.292279,3612.000000,29.698784,0.402209,0.008904
55000.026382,3683.000000,30.199529,0.500745,0.010090
56000.088514,3750.000000,30.668904,0.469375,0.008939
57000.000834,3826.000000,31.225621,0.556717,0.029372
58000.003536,3892.000000,31.712682,0.487061,0.029113
59000.035447,3950.000000,32.591130,0.878448,0.348616
60000.172344,4012.000000,33.117051,0.525921,0.077072
61003.890558,4078.000000,33.600372,0.483321,0.010291
62000.006706,4146.000000,34.209275,0.608903,0.121106
63001.272735,4211.000000,34.740528,0.531253,0.075445
64000.284742,4273.000000,35.176413,0.435885,0.008913
65000.463675,4332.000000,35.590277,0.413864,0.009206
66001.205427,4385.000000,35.973707,0.383430,0.008796
67000.003103,4452.000000,36.468830,0.495123,0.028116
68000.458523,4510.000000,36.900351,0.431521,0.023864
69000.371160,4561.000000,37.261311,0.360960,0.008840
70000.125085,4612.000000,37.623601,0.362290,0.014746
71000.207291,4661.000000,37.967668,0.344067,0.009515
72000.003065,4702.000000,38.263433,0.295765,0.009484
73000.017348,4751.000000,38.607521,0.344088,0.009756
74000.461788,4804.000000,39.007256,0.399735,0.032580
75000.001562,4856.000000,39.378562,0.371306,0.009536
75999.999306,4925.000000,39.943669,0.565107,0.051871
77000.219759,4984.000000,40.370428,0.426759,0.008779
78000.036220,5044.000000,40.805529,0.435101,0.009775
78999.998804,5112.000000,41.282685,0.477156,0.009588
80005.694275,5174.000000,41.753040,0.470355,0.026565
81003.858418,5228.000000,42.146574,0.393534,0.011068
81999.994666,5284.000000,42.545689,0.399115,0.010743
83000.452817,5348.000000,42.996477,0.450788,0.008776
84000.120345,5406.000000,43.418400,0.421923,0.010533
85000.217458,5474.000000,43.909270,0.490870,0.009615
86000.180016,5537.000000,44.369937,0.460667,0.016420
87001.504802,5605.000000,44.837038,0.467101,0.009573
88000.001828,5662.000000,45.277895,0.440857,0.044609
89007.334837,5739.000000,45.801425,0.523530,0.010118
90000.001985,5793.000000,46.197514,0.396089,0.009707
91000.123680,5854.000000,46.632708,0.435194,0.008461
92000.926882,5922.000000,47.168707,0.535999,0.064245
93005.883185,5985.000000,47.643885,0.475178,0.012304
94000.818841,6046.000000,48.073123,0.429238,0.009575
95000.006332,6108.000000,48.517211,0.444088,0.010661
95999.999710,6169.000000,48.960188,0.442977,0.015547
97000.529452,6238.000000,49.553002,0.592814,0.112838
97999.999671,6294.000000,49.957769,0.404767,0.014644
99000.002672,6339.000000,50.355572,0.397803,0.063256
100000.002608,6402.000000,50.801510,0.445938,0.008897
101001.920694,6462.000000,51.242958,0.441448,0.014811
102002.974844,6521.000000,51.649135,0.406177,0.008254
103000.639075,6575.000000,52.060244,0.411109,0.026598
104002.207250,6638.000000,52.512171,0.451927,0.009831
105000.870767,6696.000000,52.928398,0.416227,0.014042
106000.085727,6741.000000,53.254565,0.326167,0.022955
107000.200380,6797.000000,53.659504,0.404939,0.010457
107999.998591,6856.000000,54.083278,0.423774,0.009840
109000.000301,6905.000000,54.450950,0.367672,0.010494
110007.079748,6962.000000,54.877850,0.426900,0.009264
111000.070229,7010.000000,55.223226,0.345376,0.008766
112000.039154,7059.000000,55.582886,0.359660,0.010039
113006.070144,7128.000000,56.085145,0.502259,0.010070
114000.024271,7185.000000,56.508769,0.423624,0.008867
115000.003352,7243.000000,57.015781,0.507012,0.099092
115999.998771,7292.000000,57.363361,0.347580,0.008561
117000.055011,7346.000000,57.748987,0.385626,0.008748
118000.059687,7400.000000,58.142021,0.393034,0.010220
119000.169430,7460.000000,58.593975,0.451954,0.018377
120000.023517,7525.000000,59.082888,0.488913,0.027393
121001.176228,7583.000000,59.563441,0.480553,0.036131
122000.794592,7642.000000,59.982191,0.418750,0.014586
123000.389134,7695.000000,61.025613,1.043422,0.673824
124000.343834,7745.000000,61.440364,0.414751,0.058943
125001.078490,7800.000000,61.838958,0.398594,0.010572
126000.414142,7861.000000,62.271495,0.432537,0.009230
127001.821865,7906.000000,62.617941,0.346446,0.029931
128000.033166,7962.000000,63.033208,0.415267,0.019558
128999.998518,8020.000000,63.486488,0.453280,0.041674
130002.585703,8064.000000,63.805267,0.318779,0.009794
131002.715287,8121.000000,64.232267,0.427000,0.014844
132000.074346,8175.000000,64.682407,0.450140,0.056847
133001.759521,8229.000000,65.085901,0.403494,0.022649
134009.416907,8279.000000,65.462681,0.376780,0.009660
135000.005291,8335.000000,65.874012,0.411331,0.018266
135999.994926,8385.000000,66.227317,0.353305,0.009051
137003.340270,8438.000000,66.669968,0.442651,0.051523
138000.135808,8486.000000,67.061008,0.391040,0.041130
139000.184979,8552.000000,67.547817,0.486809,0.010221
139999.999913,8606.000000,67.943804,0.395987,0.009283
141003.456716,8665.000000,68.369157,0.425353,0.009323
142000.198915,8712.000000,68.701280,0.332123,0.009013
143000.010590,8769.000000,69.121761,0.420481,0.015783
144001.205991,8826.000000,69.552709,0.430948,0.016326
145000.389043,8885.000000,69.970475,0.417766,0.009930
146000.026197,8949.000000,70.537019,0.566544,0.101295
147004.448353,9006.000000,70.941340,0.404321,0.009535
148000.229696,9058.000000,71.341338,0.399998,0.042915
149002.267458,9111.000000,71.768538,0.427200,0.053536
150000.001828,9168.000000,72.168423,0.399885,0.008658
151000.023404,9228.000000,72.599048,0.430625,0.009416
152001.362758,9285.000000,73.009199,0.410151,0.009068
153002.021591,9352.000000,73.550863,0.541664,0.070312
153999.998013,9391.000000,73.819942,0.269079,0.008557
155000.053357,9441.000000,74.421941,0.601999,0.247335
156009.528466,9498.000000,74.823039,0.401098,0.009142
157000.331784,9564.000000,75.283473,0.460434,0.010019
158000.047926,9616.000000,75.651375,0.367902,0.009155
159000.003120,9668.000000,76.014634,0.363259,0.009435
160000.001993,9728.000000,76.427459,0.412825,0.008982
161000.006577,9781.000000,76.810496,0.383037,0.009596
162000.012610,9833.000000,77.191601,0.381105,0.027486
163000.002217,9892.000000,77.743696,0.552095,0.084435
164000.037511,9961.000000,78.262490,0.518794,0.042943
165000.161629,10017.000000,78.745957,0.483467,0.094067
166000.034261,10063.000000,79.090117,0.344160,0.035086
167003.206891,10123.000000,79.517562,0.427445,0.009668
168000.039502,10179.000000,79.911635,0.394073,0.009535
169001.040023,10243.000000,80.360867,0.449232,0.008525
170002.031498,10296.000000,80.735750,0.374883,0.008533
171000.047707,10357.000000,81.243404,0.507654,0.078129
172002.352842,10407.000000,81.603659,0.360255,0.008500
173006.251299,10463.000000,82.005952,0.402293,0.008352
174000.105191,10521.000000,82.468110,0.462158,0.024210
175006.450125,10574.000000,82.857284,0.389174,0.018544
175999.998472,10629.000000,83.248492,0.391208,0.008977
177000.120445,10694.000000,83.723437,0.474945,0.016133
178000.005477,10747.000000,84.094752,0.371315,0.009172
179000.206659,10791.000000,84.416273,0.321521,0.009418
180009.985844,10848.000000,84.815783,0.399510,0.009396
181000.008563,10893.000000,85.124894,0.309111,0.008979
182000.023469,10939.000000,85.445194,0.320300,0.008396
183000.416664,10990.000000,85.805835,0.360641,0.010577
184001.164583,11030.000000,86.078897,0.273062,0.007882
185000.000959,11070.000000,86.378132,0.299235,0.017980
186012.535172,11112.000000,86.685602,0.307470,0.017795
187003.161292,11161.000000,87.035486,0.349884,0.018136
188000.000179,11204.000000,87.343067,0.307581,0.008194
189000.004594,11256.000000,87.720792,0.377725,0.014764
190001.284248,11292.000000,88.021188,0.300396,0.059157
191000.002195,11338.000000,88.333707,0.312519,0.007406
192000.013852,11372.000000,88.572386,0.238679,0.008629
193002.543930,11415.000000,88.879963,0.307577,0.010222
193999.999104,11457.000000,89.169816,0.289853,0.008507
195000.026435,11508.000000,89.530597,0.360781,0.014905
196000.240756,11557.000000,89.890886,0.360289,0.023781
197006.024839,11618.000000,90.375967,0.485081,0.063973
198000.554639,11675.000000,90.794450,0.418483,0.023166
199000.130492,11738.000000,91.240787,0.446337,0.008611
200000.841553,11796.000000,91.655777,0.414990,0.010313
201000.002714,11848.000000,92.032486,0.376709,0.010609
202001.250403,11894.000000,92.363463,0.330977,0.016148
203000.039614,11948.000000,92.740939,0.377476,0.009070
204000.205497,12006.000000,93.145093,0.404154,0.010072
205009.922915,12063.000000,93.564573,0.419480,0.017748
206000.132379,12122.000000,93.972192,0.407619,0.008789
207000.623860,12170.000000,94.302968,0.330776,0.007972
208005.204289,12221.000000,94.662038,0.359070,0.008579
209002.627006,12274.000000,95.025942,0.363904,0.008101
210005.293726,12336.000000,95.572438,0.546496,0.052408
211000.334579,12402.000000,96.041257,0.468819,0.013228
212000.865263,12455.000000,96.437700,0.396443,0.023650
213006.518650,12512.000000,96.852595,0.414895,0.027992
214003.322600,12554.000000,97.158072,0.305477,0.010079
215000.107388,12613.000000,97.577323,0.419251,0.009117
216000.038215,12676.000000,98.013521,0.436198,0.008628
217002.128480,12738.000000,98.441423,0.427902,0.010971
218000.694135,12789.000000,98.790528,0.349105,0.009262
219000.025062,12845.000000,99.240959,0.450431,0.062866
220000.136128,12901.000000,99.636120,0.395161,0.008538
221000.027512,12962.000000,100.057074,0.420954,0.008477
222006.523085,13017.000000,100.448411,0.391337,0.010785
223000.166881,13069.000000,100.854534,0.406123,0.051956
224000.030457,13128.000000,101.276425,0.421891,0.009205
225005.322146,13181.000000,101.670722,0.394297,0.019105
226000.047049,13225.000000,101.991838,0.321116,0.023242
227000.263372,13285.000000,102.456382,0.464544,0.048153
228000.024042,13351.000000,102.914750,0.458368,0.008887
229005.534045,13404.000000,103.283036,0.368286,0.009565
230000.003251,13457.000000,103.656111,0.373075,0.009266
231003.563173,13519.000000,104.105601,0.449490,0.009366
232001.184472,13564.000000,104.423627,0.318026,0.011278
232999.983055,13624.000000,104.843438,0.419811,0.008834
234006.320425,13668.000000,105.147885,0.304447,0.008011
235011.043694,13718.000000,105.496810,0.348925,0.009044
236000.034766,13780.000000,105.997258,0.500448,0.059387
237003.726144,13844.000000,107.013491,1.016233,0.511198
238000.012365,13896.000000,107.390860,0.377369,0.008324
239002.594995,13951.000000,107.781859,0.390999,0.016598
240011.050800,14006.000000,108.238682,0.456823,0.075469
241006.277297,14064.000000,108.668449,0.429767,0.034286
242006.113933,14124.000000,109.136711,0.468262,0.050456
243000.457908,14182.000000,109.542363,0.405652,0.008068
244000.071173,14229.000000,109.877561,0.335198,0.008990
245000.149355,14280.000000,110.242599,0.365038,0.016851
246000.005922,14340.000000,110.659501,0.416902,0.008895
247000.199438,14395.000000,111.047749,0.388248,0.008709
248000.032796,14450.000000,111.428739,0.380990,0.009124
249001.538350,14509.000000,111.889892,0.461153,0.045811
250004.318281,14550.000000,112.194665,0.304773,0.024088
250999.999649,14608.000000,112.608723,0.414058,0.009042
252000.795553,14664.000000,113.115591,0.506868,0.067230
253000.142450,14721.000000,113.522816,0.407225,0.009500
254003.310338,14782.000000,113.958880,0.436064,0.008871
255000.224011,14835.000000,114.317816,0.358936,0.007562
256001.076093,14881.000000,114.634896,0.317080,0.009774
257000.153121,14942.000000,115.066246,0.431350,0.009317
258001.532262,15001.000000,115.514342,0.448096,0.023351
259001.360163,15062.000000,116.055865,0.541523,0.091292
260000.008821,15119.000000,116.517274,0.461409,0.029658
261004.655843,15176.000000,116.917373,0.400099,0.009496
262002.592314,15226.000000,117.270116,0.352743,0.008914
263002.003398,15284.000000,117.674620,0.404504,0.009305
264000.001200,15347.000000,118.109386,0.434766,0.011755
265000.484259,15409.000000,118.544275,0.434889,0.009935
266000.057125,15464.000000,118.926578,0.382303,0.008933
267000.003403,15523.000000,119.341372,0.414794,0.009507
268005.508357,15570.000000,119.677994,0.336622,0.008778
268999.999936,15627.000000,120.084980,0.406986,0.014668
270000.179179,15687.000000,120.568956,0.483976,0.063514
271001.295542,15745.000000,120.983036,0.414080,0.022148
272000.053410,15802.000000,121.392171,0.409135,0.009260
272999.985065,15862.000000,121.830282,0.438111,0.022646
274000.000241,15909.000000,122.166131,0.335849,0.009377
274999.999624,15965.000000,122.565536,0.399405,0.009233
276000.926403,16024.000000,122.996201,0.430665,0.023125
277003.776368,16084.000000,123.456151,0.459950,0.049520
278000.000277,16146.000000,123.896263,0.440112,0.008897
279001.040882,16209.000000,124.328878,0.432615,0.008594
280001.910165,16260.000000,124.695557,0.366679,0.010623
281002.404987,16312.000000,125.059377,0.363820,0.008287
282003.980440,16371.000000,125.986109,0.926732,0.485678
283000.557098,16419.000000,126.322416,0.336307,0.008491
284000.205242,16478.000000,127.683733,1.361317,0.927400
285000.437050,16535.000000,128.135573,0.451840,0.054735
285999.999030,16586.000000,128.507314,0.371741,0.015104
287001.239878,16648.000000,128.940834,0.433520,0.008378
288000.015790,16701.000000,129.319251,0.378417,0.008891
289003.060441,16767.000000,129.786646,0.467395,0.008825
290000.013885,16823.000000,130.185754,0.399108,0.009923
291000.001567,16876.000000,130.725662,0.539908,0.155222
292000.131518,16931.000000,131.115804,0.390142,0.009902
293008.764887,16981.000000,131.497822,0.382018,0.023943
294000.116640,17042.000000,131.937124,0.439302,0.010027
295000.158906,17099.000000,132.330075,0.392951,0.008475
295999.999151,17164.000000,132.807471,0.477396,0.023347
297000.093105,17224.000000,133.224327,0.416856,0.009140
298001.163814,17282.000000,133.649667,0.425340,0.024102
299000.960420,17339.000000,134.056050,0.406383,0.013889
300000.003094,17401.000000,134.493238,0.437188,0.010638
301000.131662,17463.000000,134.936361,0.443123,0.011368
302004.302521,17522.000000,135.365602,0.429241,0.011032
303000.434774,17590.000000,135.856723,0.491121,0.024309
304000.068558,17633.000000,136.172012,0.315289,0.017247
305000.228461,17678.000000,136.484114,0.312102,0.008177
306000.142816,17722.000000,136.801014,0.316900,0.018045
307000.894805,17772.000000,137.175120,0.374106,0.020762
308000.196689,17816.000000,137.499822,0.324702,0.018388
309000.150371,17855.000000,137.838513,0.338691,0.037215
310002.060780,17897.000000,138.137325,0.298812,0.009421
311000.927343,17948.000000,138.515814,0.378489,0.022968
312000.266169,18009.000000,138.954899,0.439085,0.024966
313000.414072,18056.000000,139.287413,0.332514,0.016755
314008.239345,18108.000000,139.664854,0.377441,0.016943
315000.002710,18160.000000,140.028063,0.363209,0.009435
316000.097786,18211.000000,140.386338,0.358275,0.016405
317000.001748,18269.000000,140.795398,0.409060,0.008890
318001.797101,18326.000000,141.196607,0.401209,0.008908
319000.059629,18384.000000,141.613223,0.416616,0.016173
320000.003107,18442.000000,142.044215,0.430992,0.026284
321009.062111,18494.000000,142.404220,0.360005,0.009313
322000.916160,18545.000000,142.806241,0.402021,0.051650
323000.007088,18603.000000,143.219207,0.412966,0.009258
324001.500013,18665.000000,143.776449,0.557242,0.103809
324999.997885,18726.000000,145.269408,1.492959,0.570790
326000.001641,18784.000000,145.732524,0.463116,0.064599
327003.397122,18842.000000,146.143992,0.411468,0.010759
328001.100481,18894.000000,146.516071,0.372079,0.016777
329001.629521,18952.000000,146.924519,0.408448,0.008529
330001.782428,19017.000000,147.411116,0.486597,0.037090
331001.082449,19059.000000,147.874473,0.463357,0.163271
332000.978825,19104.000000,148.196468,0.321995,0.017435
333002.426768,19158.000000,148.614468,0.418000,0.048126
334001.236914,19197.000000,148.896364,0.281896,0.009628
335000.122984,19249.000000,149.288081,0.391717,0.028713
336000.125676,19300.000000,149.648329,0.360248,0.009263
337000.396523,19350.000000,150.011067,0.362738,0.027818
338000.414859,19399.000000,150.403107,0.392040,0.046092
339002.424195,19453.000000,150.799350,0.396243,0.023338
340003.746580,19496.000000,151.109376,0.310026,0.023543
341000.209626,19536.000000,151.392249,0.282873,0.010148
342000.169581,19592.000000,151.780394,0.388145,0.007694
343000.009162,19644.000000,152.134433,0.354039,0.008209
344000.838705,19703.000000,152.543792,0.409359,0.009121
345000.004006,19759.000000,152.936078,0.392286,0.009087
346000.000954,19818.000000,153.338637,0.402559,0.007637
346999.998870,19880.000000,153.766286,0.427649,0.009345
348001.479442,19934.000000,154.131033,0.364747,0.007855
349000.826243,19987.000000,154.501236,0.370203,0.009188
350003.299233,20046.000000,154.928813,0.427577,0.011099
351000.002099,20102.000000,155.377882,0.449069,0.063974
351999.999872,20142.000000,155.661938,0.284056,0.009224
353000.001410,20196.000000,156.034793,0.372855,0.009016
354000.056237,20261.000000,156.543548,0.508755,0.043548
355003.568789,20316.000000,156.931034,0.387486,0.008682
356001.511470,20367.000000,157.312259,0.381225,0.018725
357000.001150,20424.000000,157.731700,0.419441,0.017649
358000.058474,20473.000000,158.079420,0.347720,0.009628
359000.095337,20522.000000,158.424355,0.344935,0.008980
360000.004074,20561.000000,158.711583,0.287228,0.020609
361000.162787,20608.000000,159.416803,0.705220,0.287114
362001.876843,20660.000000,159.839597,0.422794,0.043646
363000.443900,20711.000000,160.204855,0.365258,0.014613
364000.701598,20751.000000,160.487588,0.282733,0.008638
